Ponto	Drenagem	temperatura_media_anual	Sazonalidade_da_Temperatura	Faixa_anual_da_temperatura	Precipitacao_anual_mm	precipitacao_do_mes_mais_chuvoso	Sazonalidade_da_Precipitacao	Altitude_1km_media_SRTM	Declividade_1km_graus_SRTM	Solo	Vegetacao
1	2	232.9452362	1861	152	1209	217	69	499.980011	3.992983818	34	Floresta _Estacional_Semidecidual
2	2	231.611908	1857	152	1262	230	70	524.3800049	3.105315447	34	Floresta _Estacional_Semidecidual
3	2	233.1476135	1850	152	1196	217	69	502.6000061	3.268120527	34	Floresta _Estacional_Semidecidual
4	2	232.8214264	1826	152	1267	238	71	508.769989	3.522675514	34	Contato
5	2	235.3452301	1858	152	1412	255	68	464.9400024	2.816558361	34	Floresta _Estacional_Semidecidual
6	2	234.6618958	1855	152	1472	269	70	462.8500061	3.298463106	34	Floresta _Estacional_Semidecidual
7	2	236.7904663	1842	152	1355	251	70	449.519989	3.097572803	34	Contato
8	2	237.019043	1843	152	1395	261	70	449.4200134	2.688434839	34	Contato
9	2	237.1642914	1828	152	1275	224	65	434.3099976	2.802062511	34	Contato
10	2	235.9404755	1859	153	1426	266	70	462.7399902	3.151883125	34	Floresta _Estacional_Semidecidual
12	2	236.6476288	1861	153	1382	246	67	453.3699951	3.166442871	34	Floresta _Estacional_Semidecidual
13	2	238.5762024	1860	153	1260	226	67	422.5799866	2.768959045	34	Contato
14	2	235.4523926	1815	152	1197	222	69	477.519989	2.212769985	34	Contato
15	2	240.3166504	1832	153	1144	202	66	388.8099976	2.859324217	34	Floresta _Estacional_Semidecidual
16	2	241.6952515	1830	153	1116	195	65	381.8800049	3.104845047	34	Floresta _Estacional_Semidecidual
17	2	238.1809692	1808	153	1141	202	66	449.4100037	3.058110476	34	Floresta _Estacional_Semidecidual
18	2	238.361908	1811	153	1159	200	64	442.4400024	2.722975731	34	Floresta _Estacional_Semidecidual
19	2	240.5333252	1828	153	1214	202	62	411.1700134	2.889025211	34	Floresta _Estacional_Semidecidual
20	2	241.0404816	1845	153	1385	225	61	397.8999939	2.738584042	34	Floresta _Estacional_Semidecidual
21	2	240.3143005	1849	153	1323	242	70	399.1000061	2.494913816	34	Floresta _Estacional_Semidecidual
22	2	239.269043	1867	153	1252	223	67	410.2099915	3.277053833	34	Floresta _Estacional_Semidecidual
23	2	235.6928711	1872	153	1492	268	68	465.9400024	3.045824051	34	Floresta _Estacional_Semidecidual
24	2	241.911911	1873	154	1185	207	65	380.7999878	2.981369495	34	Contato
25	2	242.4547577	1880	154	1282	234	68	368.8599854	2.738720655	41	Contato
26	2	243.9761963	1876	154	1268	215	60	356.4299927	2.160968065	34	Floresta _Estacional_Semidecidual
27	2	242.3500061	1835	154	1131	190	62	382.8299866	2.948535681	34	Floresta _Estacional_Semidecidual
28	2	241.2380981	1843	153	1329	222	63	402.1000061	2.769895315	34	Floresta _Estacional_Semidecidual
29	2	243.0904846	1851	154	1122	196	65	360.9200134	2.572446108	34	Floresta _Estacional_Semidecidual
30	2	240.2095184	1825	154	1116	194	64	423.0499878	2.595382214	41	Floresta _Estacional_Semidecidual
31	2	241.1357117	1833	154	1196	210	63	406.6000061	2.701445818	34	Floresta _Estacional_Semidecidual
32	2	241.7809448	1844	154	1278	238	69	373.8399963	2.373298407	41	Floresta _Estacional_Semidecidual
33	2	241.5738068	1852	154	1305	233	64	408.3500061	2.554889202	34	Floresta _Estacional_Semidecidual
35	2	242.4142761	1812	154	1260	227	65	401.3299866	2.784811974	34	Floresta _Estacional_Semidecidual
36	3	239.0380859	1777	152	1139	220	72	459.9200134	2.917722464	34	Contato
37	3	239.0071411	1760	152	1181	223	70	445.8900146	3.100548267	34	Floresta _Estacional_Semidecidual
38	3	236.6047668	1801	152	1440	274	71	473.1099854	3.573403358	34	Contato
39	3	237.5333405	1786	152	1420	263	70	460.5100098	2.571262836	34	Floresta _Estacional_Semidecidual
40	3	235.9142914	1765	152	1502	266	68	497.8299866	2.205183983	34	Floresta _Estacional_Semidecidual
41	3	239.6714478	1758	152	1265	238	73	437.2600098	3.012818336	34	Floresta _Estacional_Semidecidual
43	3	240.7857056	1757	153	1308	232	70	433.1099854	1.769741535	34	Floresta _Estacional_Semidecidual
44	3	237.0999908	1804	153	1323	228	66	481.9100037	2.568915844	34	Floresta _Estacional_Semidecidual
45	3	239.1595306	1788	153	1221	208	66	446.6000061	2.724896908	34	Floresta _Estacional_Semidecidual
46	3	238.0476227	1792	153	1208	214	67	460.0400085	2.193252325	34	Floresta _Estacional_Semidecidual
47	3	238.6666718	1786	153	1247	230	70	457.3399963	2.921964169	34	Floresta _Estacional_Semidecidual
48	3	239.892868	1782	153	1156	205	68	426.25	1.849244833	34	Floresta _Estacional_Semidecidual
49	3	238.8714294	1815	154	1281	238	69	447.7399902	2.403031826	34	Floresta _Estacional_Semidecidual
50	3	240.6071472	1807	154	1187	219	68	423.3500061	2.975428104	34	Floresta _Estacional_Semidecidual
51	3	241.4761963	1804	154	1280	222	64	413.5899963	3.102312803	34	Floresta _Estacional_Semidecidual
52	3	242.25	1792	154	1331	229	64	394.8399963	2.620573759	34	Floresta _Estacional_Semidecidual
53	3	241.6904907	1774	154	1261	231	69	393.3099976	2.69543457	41	Floresta _Estacional_Semidecidual
54	3	243.1118927	1808	154	1137	208	67	392.7200012	2.777826786	48	Floresta _Estacional_Semidecidual
55	3	243.75	1808	154	1195	219	67	379.6199951	2.45617485	55	Floresta _Estacional_Semidecidual
56	3	244.3166809	1805	154	1388	261	69	374.8900146	2.516842365	34	Floresta _Estacional_Semidecidual
57	3	241.6880951	1740	152	1342	254	72	406.480011	2.683236361	34	Floresta _Estacional_Semidecidual
58	3	239.8261871	1751	152	1279	248	73	427.8900146	2.787058353	34	Contato
60	3	236.0619202	1770	152	1414	260	68	487.980011	3.36786437	34	Contato
61	3	236.1738281	1786	152	1367	244	66	493.3599854	2.927329302	34	Contato
62	3	236.1618958	1795	152	1316	250	72	471.6700134	2.557093382	34	Contato
63	3	239.9642944	1723	151	1388	269	75	422.75	1.730057478	34	Floresta _Estacional_Semidecidual
64	3	237.6904602	1729	151	1265	232	71	476.7399902	3.110242605	34	Savana
65	3	238.569046	1720	151	1203	234	74	460.9599915	3.20706749	34	Savana
66	3	237.1785736	1725	151	1230	228	71	479.3699951	2.282702923	34	Savana
67	3	239.9095154	1736	151	1112	209	72	421.5899963	2.704018354	34	Savana
69	3	233.7857208	1783	151	1496	275	72	517.7299805	2.997963428	34	Contato
70	3	236.1928558	1784	152	1378	251	69	484.8200073	2.881513596	34	Contato
71	3	235.1618958	1753	151	1522	290	73	506.0100098	2.333620548	34	Savana
72	3	235.838089	1754	151	1476	275	72	494.1000061	3.095752478	34	Contato
73	3	236.2428589	1766	151	1322	248	73	474.0599976	3.090672255	34	Contato
74	3	232.2619019	1827	152	1478	267	70	522.1300049	3.484902382	34	Contato
75	3	232.7904663	1832	152	1374	238	67	508.6799927	3.066515207	34	Contato
76	3	231.5952301	1833	151	1498	272	70	535.1799927	2.34540987	34	Contato
77	3	234.6928558	1809	152	1368	256	72	489.9700012	2.594979525	34	Contato
78	3	234.0119019	1829	152	1223	237	75	509.5400085	3.739307642	34	Contato
79	3	233.9500122	1827	151	1262	221	68	500.8900146	3.055917978	34	Floresta _Estacional_Semidecidual
80	3	234.1309509	1820	151	1300	249	74	499.7999878	2.762729883	34	Contato
81	3	234.8023834	1815	151	1330	254	74	491.3399963	3.203694105	34	Contato
82	3	230.0619202	1871	151	1423	262	71	526.7299805	3.537013769	34	Floresta _Estacional_Semidecidual
83	3	231.7047729	1855	152	1437	245	67	521.2199707	3.462708473	34	Floresta _Estacional_Semidecidual
84	3	231.3952484	1852	152	1333	229	66	528.5	2.473005056	34	Contato
85	3	231.069046	1883	152	1515	266	68	526.3800049	3.062829971	34	Floresta _Estacional_Semidecidual
86	3	230.9904785	1858	152	1446	258	68	527.0900269	3.877300024	34	Floresta _Estacional_Semidecidual
87	3	233.7333374	1817	151	1408	264	72	512.6400146	2.183558702	34	Floresta _Estacional_Semidecidual
88	3	232.9095306	1868	151	1306	237	70	493.9200134	3.028670311	34	Floresta _Estacional_Semidecidual
89	3	232.9023743	1827	151	1423	269	74	530.1799927	3.829351664	34	Floresta _Estacional_Semidecidual
90	3	232.9785767	1861	151	1185	217	71	512.7600098	3.284519911	34	Floresta _Estacional_Semidecidual
91	3	232.1404877	1890	151	1149	211	71	530.6900024	3.147017241	34	Floresta _Estacional_Semidecidual
92	3	228.4428558	1928	152	1384	258	72	556.4400024	3.341355085	34	Floresta _Estacional_Semidecidual
93	3	230.2833405	1925	151	1293	233	70	539.7800293	3.912495375	34	Floresta _Estacional_Semidecidual
94	3	230.1571503	1903	151	1142	205	71	544.4000244	3.39125967	34	Floresta _Estacional_Semidecidual
95	3	229.6761932	1912	151	1312	241	73	551.7700195	4.057850838	34	Floresta _Estacional_Semidecidual
97	6	205.342865	2453	152	1357	199	43	636.210022	4.005199432	34	Floresta _Estacional_Semidecidual
98	6	209.892868	2393	152	1376	186	43	649.8699951	5.053442478	34	Contato
99	6	211.7023926	2429	152	1346	199	46	596.5499878	4.843845367	34	Floresta _Estacional_Semidecidual
100	6	222.7452393	2348	152	1391	202	48	485.9400024	4.129676819	34	Floresta _Estacional_Semidecidual
101	6	219.5595093	2445	153	1156	160	43	486.2099915	5.431218624	55	Floresta _Estacional_Semidecidual
103	6	222.5976257	2433	153	1308	198	46	456.9700012	4.929351807	34	Floresta _Estacional_Semidecidual
104	6	231.2904663	2375	153	1222	193	48	360.4700012	3.767597675	34	Floresta _Estacional_Semidecidual
105	6	229.1404724	2471	153	1235	173	40	350.3099976	2.99219203	34	Floresta _Estacional_Semidecidual
106	6	230.8476257	2364	153	1212	188	46	389.6900024	3.257842302	34	Floresta _Estacional_Semidecidual
107	6	226.5380859	2493	155	1459	216	40	422.9899902	3.42817831	34	Floresta _Estacional_Semidecidual
108	6	233.5166779	2418	155	1288	186	39	338.230011	3.308838844	34	Floresta _Estacional_Semidecidual
109	6	235.8214417	2539	156	1191	166	36	301.0799866	3.798108339	34	Floresta _Estacional_Semidecidual
110	6	235.6333313	2464	156	1203	165	36	332.7200012	2.655487776	34	Floresta _Estacional_Semidecidual
111	6	236.8095245	2547	157	1508	208	36	293.0100098	1.954993725	34	Floresta _Estacional_Semidecidual
112	6	238.0999908	2511	156	1176	160	35	311.980011	2.558977604	34	Floresta _Estacional_Semidecidual
113	3	242.138092	1734	152	1322	234	67	404.6099854	2.446499109	34	Floresta _Estacional_Semidecidual
114	3	240.5857086	1716	151	1303	255	75	436.9899902	3.754425287	34	Floresta _Estacional_Semidecidual
115	3	238.0500031	1729	151	1247	233	72	466.6600037	2.53283596	34	Savana
116	3	237.9499969	1737	151	1422	266	72	470.0400085	2.92023325	34	Savana
117	3	233.0619049	1830	151	1298	225	68	498.6000061	3.195478916	34	Floresta _Estacional_Semidecidual
118	3	231.5261841	1807	150	1262	226	72	576.5800171	2.03747344	34	Contato
119	3	231.5571442	1819	151	1257	226	70	554.4199829	2.280355453	34	Savana
120	3	238.9642944	1748	150	1274	226	73	471.2099915	1.989157319	34	Contato
121	3	234.411911	1760	150	1546	283	73	536.6300049	2.165302992	34	Savana
122	3	239.93573	1709	150	1333	247	77	465.5700073	1.84965384	34	Savana
123	3	239.5809631	1716	150	1383	250	74	466.5499878	2.057148933	34	Floresta _Estacional_Semidecidual
124	3	219.1928406	1942	152	1294	228	67	737.5200195	4.02737093	34	Savana
125	3	216.2357178	1940	152	1282	223	67	789.7000122	3.17792201	34	Floresta _Estacional_Semidecidual
128	3	238.0381012	1723	149	1448	255	74	504.269989	1.907449245	34	Contato
129	3	239.1523743	1712	149	1255	224	75	488.5499878	2.746308804	34	Floresta _Estacional_Semidecidual
130	5	226.6595306	2243	151	1231	209	58	455.3099976	4.289553165	48	Floresta _Estacional_Semidecidual
131	5	230.6547546	2217	152	1102	173	53	422.3599854	4.897320271	34	Floresta _Estacional_Semidecidual
132	5	234.0095215	2222	153	1077	176	52	399.730011	3.62729907	48	Floresta _Estacional_Semidecidual
133	5	235.9619141	2164	153	1107	181	54	386.8999939	2.960381269	34	Floresta _Estacional_Semidecidual
134	5	240.361908	2199	155	1121	183	52	313.9100037	2.602478027	34	Floresta _Estacional_Semidecidual
135	5	242.75	2160	156	1066	168	49	296.0499878	2.130572796	34	Floresta _Estacional_Semidecidual
136	5	227.9333344	2112	152	1292	225	60	472.1700134	2.853614569	34	Floresta _Estacional_Semidecidual
138	5	236.019043	2052	153	1098	189	60	403.480011	2.745260239	34	Floresta _Estacional_Semidecidual
140	4	236.2238159	2016	153	1185	205	62	393.1600037	2.389812469	34	Contato
141	4	236.9738007	1939	153	1257	216	64	407.5599976	2.504040241	34	Floresta _Estacional_Semidecidual
142	4	239.592865	1981	154	1216	222	65	367.1199951	2.344787359	34	Floresta _Estacional_Semidecidual
143	4	243.2928467	1914	154	1203	199	60	343.4299927	2.426921606	34	Contato
144	4	244.3714294	1893	154	1223	209	60	361.4899902	2.157923937	34	Floresta _Estacional_Semidecidual
145	2	235.7047729	1836	152	1235	235	72	464.8699951	3.150097132	34	Contato
146	2	235.6404724	1854	153	1353	253	70	434.1099854	3.148668528	34	Contato
147	2	240.3976288	1819	153	1148	203	66	410.1199951	2.802923203	34	Floresta _Estacional_Semidecidual
148	2	244.4142914	1881	154	1399	247	64	357.1799927	2.299433708	34	Floresta _Estacional_Semidecidual
149	2	244.680954	1866	154	1145	204	64	354.6799927	2.450608015	48	Floresta _Estacional_Semidecidual
150	1	240.5785828	1242	145	1385	265	81	652.5200195	2.844610453	48	Savana
151	1	240.7404785	1267	145	1462	294	84	617.4699707	2.648233414	54	Floresta _Estacional_Semidecidual
152	1	235.8190613	1351	145	1517	258	74	669.5900269	4.606914043	34	Contato
154	1	238.7404785	1329	145	1608	292	77	654.8499756	4.926055431	61	Savana
155	1	237.3595276	1253	144	1489	271	79	717.5499878	2.405192852	34	Savana
156	1	232.0500031	1304	145	1785	350	84	767.0200195	7.349024296	48	Contato
157	1	239.9857178	1316	145	1368	275	85	633.1199951	6.32559967	48	Contato
159	1	238.3499908	1300	145	1544	313	86	666.4799805	3.418855429	34	Savana
160	1	236.7333374	1302	145	1445	289	84	692.4099731	4.471423149	34	Contato
163	1	245.7928619	1383	146	1242	230	79	495.5100098	1.44399941	34	Contato
168	1	230.2904968	1343	145	1625	296	78	777.0700073	2.246423006	34	Savana
169	1	233.3333435	1270	144	1551	308	82	739.4000244	3.246215582	34	Savana
170	1	235.0023804	1277	144	1589	287	78	734.9500122	4.237789154	34	Savana
171	1	234.6404877	1226	144	1568	298	82	747.9000244	4.402612686	34	Savana
172	1	233.7142944	1254	144	1760	358	86	756.4099731	4.718001366	34	Contato
173	1	230.0881042	1273	144	1668	314	79	803.9099731	2.254792452	34	Savana
174	1	237.1023712	1247	144	1569	317	86	703.5	3.944606066	34	Savana
175	1	236.5333405	1343	145	1474	259	76	685.0900269	1.689997077	34	Savana
176	1	229.0904846	1073	141	1290	210	74	882.1699829	3.616472006	41	Contato
177	1	234.8857117	1118	143	1352	218	75	769.3800049	6.027543545	34	Contato
178	1	230.6833191	1090	142	1421	250	78	851.3599854	5.395714283	34	Contato
179	1	226.3333282	1077	142	1591	234	70	922.7299805	4.720334053	34	Contato
180	1	234.8976135	1113	143	1454	230	73	778.0700073	3.847851753	48	Contato
181	1	229.9476318	1087	142	1481	232	74	868.5200195	4.584183693	34	Contato
184	1	232.7976227	1100	142	1547	235	73	813.7299805	5.416769981	41	Floresta_Estacional_Decidual
185	1	232.745224	1098	142	1388	232	76	820.0900269	3.362766027	34	Contato
186	1	230.3404846	1108	142	1396	254	79	852.6300049	2.626481771	48	Floresta_Estacional_Decidual
187	1	226.9047546	1073	141	1283	212	75	910.5200195	6.292919159	55	Floresta_Estacional_Decidual
188	1	236.138092	1121	143	1385	220	75	745.7299805	6.53399992	34	Contato
191	1	226.4904785	1088	141	1438	257	79	918.4000244	3.391577721	41	Contato
193	1	233.5404816	1113	142	1518	236	73	778.0700073	3.847851753	41	Contato
194	1	231.0142822	1101	142	1484	270	80	837.7700195	4.431509495	34	Contato
195	1	228.7714233	1075	142	1512	231	71	886.8499756	4.884011269	34	Contato
198	1	234.4499969	1118	142	1545	263	79	770.5800171	6.314804077	67	Contato
199	1	231.4190521	1085	142	1279	211	75	840.4400024	2.601723909	34	Contato
200	1	236.1476135	1182	143	1397	250	80	748.0599976	3.679001093	34	Contato
202	1	248.6785736	1419	147	1334	239	74	441.5400085	2.403867245	34	Contato
203	1	241.0809479	1262	145	1358	266	82	638.0900269	3.515296936	55	Contato
205	1	233.0095215	1084	142	1359	223	76	811.1199951	4.172420502	41	Floresta_Estacional_Decidual
206	1	232.611908	1082	143	1737	290	77	711.7999878	3.889737368	34	Floresta _Estacional_Semidecidual
207	1	232.7357178	1072	142	1445	243	78	815.0900269	3.070746422	41	Contato
209	1	245.9452515	1337	146	1364	268	84	529.0499878	3.48972559	34	Contato
210	1	233.9071503	1194	144	1540	261	73	769.9799805	2.819652081	34	Savana
211	1	235.6214294	1113	143	1661	289	80	749.9699707	3.488862276	34	Contato
212	1	227.5238037	1063	141	1321	211	74	896.7800293	2.92099452	41	Floresta_Estacional_Decidual
213	1	237.0381012	1239	144	1542	287	75	695.9899902	2.95427227	34	Savana
214	1	238.6357117	1231	144	1402	261	76	667.5999756	1.962308764	54	Savana
215	1	237.1357117	1255	144	1685	346	87	697.8099976	3.779311657	34	Contato
216	1	231.2166595	1086	143	1795	294	76	770.7399902	3.517465353	34	Floresta _Estacional_Semidecidual
217	1	226.0380859	1449	143	1416	255	77	808.960022	3.046181679	34	Savana
218	1	228.1476135	1457	144	1228	257	86	765.4299927	3.738913298	47	Savana
221	1	244.2666626	1394	145	1140	221	82	542.8599854	3.144436359	62	Savana
224	1	246.361908	1392	146	1254	235	79	497.1900024	3.127400637	34	Contato
225	1	249.2976227	1417	146	1167	215	76	432.4200134	1.340052128	34	Savana
226	1	248.2214355	1418	146	1257	225	73	477.5499878	3.408998489	34	Savana
228	1	246.18573	1464	148	1198	216	73	458.7000122	3.225953341	34	Floresta _Estacional_Semidecidual
232	1	243.0666809	1429	147	1649	297	75	494.6600037	1.664359927	34	Contato
233	1	246.4642944	1406	147	1430	248	72	471.7799988	0.957762182	34	Contato
235	1	238.9357147	1548	149	1493	273	74	538.8200073	2.793249369	34	Contato
236	1	246.176178	1535	149	1141	212	76	431.9899902	2.333447695	34	Floresta _Estacional_Semidecidual
237	1	228.9523926	1451	144	1262	243	81	764.4400024	4.514686584	47	Contato
238	1	226.5904846	1446	144	1340	256	81	800.2000122	4.615641117	34	Savana
244	6	178.8262024	2432	143	1615	231	43	902.9199829	7.291847706	34	Floresta_Ombrofila_Densa
245	6	190.8952332	2479	148	1332	211	46	744.3699951	10.49095726	34	Contato
246	6	188.0833282	2520	149	1553	248	45	761.9400024	4.838561535	34	Contato
248	6	191.4404907	2537	150	1421	225	45	697.0599976	6.058599949	48	Contato
249	6	190.388092	2539	150	1482	237	45	709.9000244	6.528670788	48	Contato
250	6	187.75	2548	150	1489	241	45	757.9799805	6.826715946	34	Contato
251	6	190.7595215	2558	150	1457	224	43	707.9000244	10.77722454	48	Contato
252	6	190.7595215	2558	150	1457	224	43	707.9000244	10.77722454	48	Floresta_Ombrofila_Densa
253	6	187.1166687	2581	150	1530	221	41	745.8599854	10.60329914	41	Contato
254	6	184.9833374	2581	151	1350	205	41	784.2600098	11.13962841	34	Contato
255	6	180.8214111	2594	152	1504	218	39	848.1199951	7.181106091	48	Floresta_Ombrofila_Mista
256	6	186.0119019	2619	152	1137	166	36	786.0599976	5.065006733	55	Floresta_Ombrofila_Mista
257	6	178.5595093	2638	153	1351	199	35	916.3099976	6.705921173	62	Savana
258	6	192.4547577	2589	153	1328	197	38	748.3900146	3.200239182	34	Savana
259	6	186.5285645	2611	153	1361	198	36	875.8099976	9.194127083	34	Savana
260	6	197.7428589	2600	153	1196	172	36	669.5200195	4.536074162	34	Savana
263	6	189.6047668	2585	152	1111	161	39	728.4000244	6.513620377	48	Contato
264	6	181.069046	2604	152	1431	216	39	852.5499878	10.29896355	60	Contato
265	6	178.7142944	2623	152	1559	223	37	890.3900146	10.09716415	67	Floresta_Ombrofila_Mista
266	6	184.7380981	2599	152	1232	175	37	812.4400024	5.73013401	48	Contato
268	1	225.9190521	1177	142	1403	254	79	915.6900024	1.503302217	34	Savana
269	1	223.8071442	1173	141	1522	275	79	948.710022	3.611070633	34	Savana
270	1	223.0428467	1164	141	1524	270	78	965.8400269	3.421252012	34	Savana
271	1	220.8309631	1167	141	1974	368	80	998.3400269	2.358397007	34	Savana
274	1	224.4214172	1157	141	1867	343	79	943.4000244	4.252985001	34	Savana
278	1	230.0214233	1176	141	1529	276	77	848.2199707	3.995666027	34	Savana
283	1	229.6547699	1148	141	1392	245	76	863.539978	3.315827847	34	Savana
284	6	225.1928558	2616	156	1352	180	35	431.6099854	3.826181412	34	Floresta _Estacional_Semidecidual
285	7	228.3642731	2686	156	1266	155	30	336.3399963	3.517546892	34	Floresta _Estacional_Semidecidual
286	7	229.6761932	2652	156	1187	154	33	340.5	4.365332127	34	Floresta _Estacional_Semidecidual
287	7	232.9261932	2676	157	1172	152	32	296.480011	3.405524492	34	Floresta _Estacional_Semidecidual
288	7	231.8285828	2677	157	1187	151	33	327.4299927	2.540206671	34	Floresta _Estacional_Semidecidual
289	7	224.6976013	2627	156	1310	166	33	437.6300049	3.496993303	34	Floresta _Estacional_Semidecidual
290	7	229.2761993	2684	156	1212	148	30	326.4100037	3.195533991	34	Floresta _Estacional_Semidecidual
291	7	229.0166626	2688	156	1338	158	28	334.5100098	3.573124647	34	Floresta _Estacional_Semidecidual
292	6	227.9857025	2597	156	1204	166	35	399.9599915	3.583251238	34	Floresta _Estacional_Semidecidual
293	6	228.4380951	2592	156	1259	168	34	395.980011	3.607501507	34	Floresta _Estacional_Semidecidual
294	7	227.6261902	2677	156	1296	158	30	359.4299927	4.090005398	34	Floresta _Estacional_Semidecidual
295	7	230.2761841	2671	157	1219	160	33	336.9400024	2.882070303	41	Floresta _Estacional_Semidecidual
296	7	231.5500031	2684	158	1140	147	34	329.4700012	2.907028913	55	Floresta _Estacional_Semidecidual
297	7	227.2999878	2635	157	1212	162	34	410.8500061	2.559093952	41	Floresta _Estacional_Semidecidual
298	7	224.5428467	2622	156	1329	172	33	440.1400146	2.725236177	34	Floresta _Estacional_Semidecidual
299	7	224.5452271	2624	156	1305	171	34	437.1400146	3.42116189	34	Floresta _Estacional_Semidecidual
300	6	236.8666687	2527	156	1192	170	37	286.0799866	2.525565386	34	Floresta _Estacional_Semidecidual
301	6	232.1714172	2543	156	1576	210	35	354.1000061	3.819574118	34	Floresta _Estacional_Semidecidual
302	6	232.5785675	2527	156	1395	194	36	340.519989	1.71840632	34	Floresta _Estacional_Semidecidual
303	6	231.388092	2543	156	1381	181	33	350.7399902	2.212076902	34	Floresta _Estacional_Semidecidual
304	7	236.569046	2703	160	1261	160	36	261.3399963	2.666009426	34	Floresta _Estacional_Semidecidual
305	7	236.5952454	2703	160	1331	170	37	262.2399902	2.65004921	34	Floresta _Estacional_Semidecidual
306	6	239.8452454	2539	157	1289	175	35	253.2799988	2.819753647	34	Floresta _Estacional_Semidecidual
307	6	236.1547699	2540	157	1545	212	35	313.3699951	2.871124506	34	Floresta _Estacional_Semidecidual
308	7	228.911911	2661	157	1268	162	32	375.7000122	3.102771521	34	Floresta _Estacional_Semidecidual
