Ponto	Drenagem	VREM%	SILVI%	AGRI%	Pastagem%	INFURB%	MINE%	AGUA%	NC%	RODO%
1	2	0	0	31.42857143	68.57142857	0	0	0	0	0
2	2	32.35294118	0	55.88235294	11.76470588	0	0	0	0	0
3	2	3.03030303	0	36.36363636	60.60606061	0	0	0	0	0
4	2	20	0	0	80	0	0	0	0	0
5	2	0	0	55.81395349	25.58139535	0	0	0	0	18.60465116
6	2	0	0	17.14285714	82.85714286	0	0	0	0	0
7	2	0	0	0	100	0	0	0	0	0
8	2	55.55555556	0	0	44.44444444	0	0	0	0	0
9	2	65.71428571	0	0	34.28571429	0	0	0	0	0
10	2	0	0	34.375	65.625	0	0	0	0	0
12	2	0	0	14.28571429	85.71428571	0	0	0	0	0
13	2	44.11764706	0	0	55.88235294	0	0	0	0	0
14	2	34.28571429	0	0	65.71428571	0	0	0	0	0
15	2	5.882352941	0	70.58823529	23.52941176	0	0	0	0	0
16	2	0	0	14.28571429	69.04761905	0	0	0	0	16.66666667
17	2	0	0	65.71428571	34.28571429	0	0	0	0	0
18	2	0	0	7.142857143	73.80952381	0	0	0	0	19.04761905
19	2	0	0	0	100	0	0	0	0	0
20	2	0	0	20	80	0	0	0	0	0
21	2	0	0	36.11111111	63.88888889	0	0	0	0	0
22	2	17.14285714	0	48.57142857	34.28571429	0	0	0	0	0
23	2	0	0	50	50	0	0	0	0	0
24	2	0	0	61.76470588	38.23529412	0	0	0	0	0
25	2	0	0	100	0	0	0	0	0	0
26	2	14.28571429	0	42.85714286	42.85714286	0	0	0	0	0
27	2	22.22222222	0	61.11111111	16.66666667	0	0	0	0	0
28	2	0	0	22.85714286	77.14285714	0	0	0	0	0
29	2	31.42857143	0	22.85714286	45.71428571	0	0	0	0	0
30	2	8.571428571	0	2.857142857	88.57142857	0	0	0	0	0
31	2	0	0	27.77777778	69.44444444	0	0	0	0	2.777777778
32	2	0	0	25.71428571	74.28571429	0	0	0	0	0
33	2	20.58823529	0	70.58823529	8.823529412	0	0	0	0	0
35	2	0	0	0	100	0	0	0	0	0
36	3	0	0	0	100	0	0	0	0	0
37	3	0	0	0	94.59459459	0	0	0	0	5.405405405
38	3	40.47619048	0	0	40.47619048	0	0	0	0	19.04761905
39	3	37.20930233	0	18.60465116	27.90697674	0	0	0	0	16.27906977
40	3	0	0	51.42857143	48.57142857	0	0	0	0	0
41	3	0	0	40.90909091	40.90909091	0	0	0	0	18.18181818
43	3	0	0	15.90909091	70.45454545	0	0	0	0	13.63636364
44	3	28.57142857	0	40	31.42857143	0	0	0	0	0
45	3	0	0	85.71428571	14.28571429	0	0	0	0	0
46	3	0	0	8.823529412	91.17647059	0	0	0	0	0
47	3	11.42857143	0	45.71428571	42.85714286	0	0	0	0	0
48	3	0	0	0	100	0	0	0	0	0
49	3	0	0	37.14285714	62.85714286	0	0	0	0	0
50	3	0	0	14.28571429	85.71428571	0	0	0	0	0
51	3	0	0	2.777777778	97.22222222	0	0	0	0	0
52	3	0	0	0	100	0	0	0	0	0
53	3	0	0	0	100	0	0	0	0	0
54	3	0	0	20.58823529	79.41176471	0	0	0	0	0
55	3	0	0	0	100	0	0	0	0	0
56	3	0	0	0	100	0	0	0	0	0
57	3	4.761904762	0	64.28571429	16.66666667	0	0	0	0	14.28571429
58	3	27.77777778	0	0	72.22222222	0	0	0	0	0
60	3	91.42857143	0	0	8.571428571	0	0	0	0	0
61	3	55.55555556	0	0	44.44444444	0	0	0	0	0
62	3	48.57142857	0	0	51.42857143	0	0	0	0	0
63	3	23.52941176	0	26.47058824	50	0	0	0	0	0
64	3	36.11111111	0	63.88888889	0	0	0	0	0	0
65	3	0	0	0	100	0	0	0	0	0
66	3	0	0	60	40	0	0	0	0	0
67	3	0	0	22.85714286	77.14285714	0	0	0	0	0
69	3	21.95121951	0	19.51219512	41.46341463	0	0	0	0	17.07317073
70	3	0	0	20	80	0	0	0	0	0
71	3	28.57142857	0	0	71.42857143	0	0	0	0	0
72	3	0	0	0	77.77777778	0	0	0	0	22.22222222
73	3	0	0	28.57142857	71.42857143	0	0	0	0	0
74	3	48.71794872	0	0	35.8974359	0	0	0	0	15.38461538
75	3	14.70588235	0	0	85.29411765	0	0	0	0	0
76	3	36.58536585	0	2.43902439	46.34146341	0	0	0	0	14.63414634
77	3	11.42857143	0	0	88.57142857	0	0	0	0	0
78	3	16.66666667	0	2.777777778	80.55555556	0	0	0	0	0
79	3	5.714285714	0	17.14285714	77.14285714	0	0	0	0	0
80	3	29.41176471	0	0	70.58823529	0	0	0	0	0
81	3	100	0	0	0	0	0	0	0	0
82	3	0	0	36.95652174	39.13043478	0	0	0	0	23.91304348
83	3	0	0	41.66666667	58.33333333	0	0	0	0	0
84	3	0	0	0	100	0	0	0	0	0
85	3	0	0	2.777777778	97.22222222	0	0	0	0	0
86	3	0	0	0	100	0	0	0	0	0
87	3	0	0	66	4	0	0	0	0	30
88	3	11.42857143	0	34.28571429	54.28571429	0	0	0	0	0
89	3	0	0	100	0	0	0	0	0	0
90	3	0	0	55.88235294	44.11764706	0	0	0	0	0
91	3	2.941176471	0	88.23529412	8.823529412	0	0	0	0	0
92	3	13.88888889	0	75	11.11111111	0	0	0	0	0
93	3	0	0	83.33333333	0	0	0	0	0	16.66666667
94	3	0	0	100	0	0	0	0	0	0
95	3	0	0	70.27027027	24.32432432	0	0	0	0	5.405405405
97	6	0	0	25.71428571	74.28571429	0	0	0	0	0
98	6	62.85714286	0	0	37.14285714	0	0	0	0	0
99	6	48.57142857	0	14.28571429	34.28571429	0	0	0	0	2.857142857
100	6	26.47058824	0	73.52941176	0	0	0	0	0	0
101	6	11.11111111	0	0	88.88888889	0	0	0	0	0
103	6	65.71428571	0	34.28571429	0	0	0	0	0	0
104	6	0	0	100	0	0	0	0	0	0
105	6	0	0	100	0	0	0	0	0	0
106	6	11.76470588	0	85.29411765	2.941176471	0	0	0	0	0
107	6	0	0	23.52941176	76.47058824	0	0	0	0	0
108	6	50	0	32.35294118	17.64705882	0	0	0	0	0
109	6	100	0	0	0	0	0	0	0	0
110	6	3.125	0	43.75	53.125	0	0	0	0	0
111	6	88.57142857	0	0	11.42857143	0	0	0	0	0
112	6	0	0	43.75	56.25	0	0	0	0	0
113	3	48.57142857	0	42.85714286	8.571428571	0	0	0	0	0
114	3	0	0	90.90909091	9.090909091	0	0	0	0	0
115	3	0	0	100	0	0	0	0	0	0
116	3	5.555555556	0	94.44444444	0	0	0	0	0	0
117	3	14.63414634	0	58.53658537	12.19512195	0	0	0	0	14.63414634
118	3	72.22222222	0	0	27.77777778	0	0	0	0	0
119	3	91.17647059	0	0	8.823529412	0	0	0	0	0
120	3	100	0	0	0	0	0	0	0	0
121	3	43.90243902	0	0	43.90243902	0	0	0	0	12.19512195
122	3	37.14285714	0	62.85714286	0	0	0	0	0	0
123	3	87.17948718	0	0	0	0	0	0	0	12.82051282
124	3	72.22222222	0	0	27.77777778	0	0	0	0	0
125	3	68.29268293	0	9.756097561	7.317073171	0	0	0	0	14.63414634
128	3	17.64705882	0	82.35294118	0	0	0	0	0	0
129	3	75	0	16.66666667	0	0	0	8.333333333	0	0
130	5	0	0	0	100	0	0	0	0	0
131	5	58.82352941	0	41.17647059	0	0	0	0	0	0
132	5	11.11111111	0	22.22222222	66.66666667	0	0	0	0	0
133	5	0	0	11.42857143	88.57142857	0	0	0	0	0
134	5	0	0	54.54545455	45.45454545	0	0	0	0	0
135	5	0	0	45.71428571	54.28571429	0	0	0	0	0
136	5	0	0	0	80.95238095	0	0	0	0	19.04761905
138	5	0	0	42.85714286	57.14285714	0	0	0	0	0
140	4	19.44444444	0	58.33333333	22.22222222	0	0	0	0	0
141	4	5.714285714	0	57.14285714	37.14285714	0	0	0	0	0
142	4	17.64705882	0	61.76470588	20.58823529	0	0	0	0	0
143	4	23.52941176	0	47.05882353	29.41176471	0	0	0	0	0
144	4	22.85714286	0	54.28571429	22.85714286	0	0	0	0	0
145	2	0	0	0	79.06976744	0	0	0	0	20.93023256
146	2	31.42857143	0	0	68.57142857	0	0	0	0	0
147	2	2.43902439	0	21.95121951	60.97560976	0	0	0	0	14.63414634
148	2	0	0	60	40	0	0	0	0	0
149	2	44.44444444	0	55.55555556	0	0	0	0	0	0
150	1	14.70588235	0	0	85.29411765	0	0	0	0	0
151	1	25	0	0	75	0	0	0	0	0
152	1	0	0	0	100	0	0	0	0	0
154	1	73.52941176	0	0	26.47058824	0	0	0	0	0
155	1	28.57142857	0	0	71.42857143	0	0	0	0	0
156	1	80	0	0	20	0	0	0	0	0
157	1	12.5	0	0	87.5	0	0	0	0	0
159	1	8.823529412	0	0	91.17647059	0	0	0	0	0
160	1	100	0	0	0	0	0	0	0	0
163	1	45.71428571	0	0	54.28571429	0	0	0	0	0
168	1	11.42857143	0	45.71428571	42.85714286	0	0	0	0	0
169	1	17.64705882	0	5.882352941	76.47058824	0	0	0	0	0
170	1	35.29411765	0	0	64.70588235	0	0	0	0	0
171	1	50	0	0	50	0	0	0	0	0
172	1	36.11111111	0	0	63.88888889	0	0	0	0	0
173	1	11.76470588	0	0	88.23529412	0	0	0	0	0
174	1	40.47619048	0	0	40.47619048	0	0	0	0	19.04761905
175	1	85.71428571	0	0	14.28571429	0	0	0	0	0
176	1	77.14285714	0	0	17.14285714	0	0	0	5.714285714	0
177	1	34.28571429	0	0	65.71428571	0	0	0	0	0
178	1	42.85714286	0	0	57.14285714	0	0	0	0	0
179	1	65.71428571	0	0	34.28571429	0	0	0	0	0
180	1	34.28571429	0	0	65.71428571	0	0	0	0	0
181	1	42.85714286	0	14.28571429	34.28571429	0	0	8.571428571	0	0
184	1	42.42424242	0	0	57.57575758	0	0	0	0	0
185	1	67.64705882	0	0	32.35294118	0	0	0	0	0
186	1	25.71428571	0	0	74.28571429	0	0	0	0	0
187	1	94.28571429	0	0	5.714285714	0	0	0	0	0
188	1	64.86486486	0	0	35.13513514	0	0	0	0	0
191	1	65.625	0	0	34.375	0	0	0	0	0
193	1	40	0	0	60	0	0	0	0	0
194	1	52.77777778	0	0	47.22222222	0	0	0	0	0
195	1	91.42857143	0	0	8.571428571	0	0	0	0	0
198	1	77.14285714	0	0	22.85714286	0	0	0	0	0
199	1	82.85714286	0	2.857142857	14.28571429	0	0	0	0	0
200	1	65.78947368	0	0	34.21052632	0	0	0	0	0
202	1	0	0	77.14285714	22.85714286	0	0	0	0	0
203	1	34.88372093	0	0	46.51162791	0	0	0	0	18.60465116
205	1	41.46341463	0	0	41.46341463	0	0	0	0	17.07317073
206	1	58.82352941	0	0	41.17647059	0	0	0	0	0
207	1	88.57142857	0	0	11.42857143	0	0	0	0	0
209	1	45.45454545	0	0	36.36363636	0	0	0	0	18.18181818
210	1	72.22222222	0	0	27.77777778	0	0	0	0	0
211	1	30.55555556	0	0	69.44444444	0	0	0	0	0
212	1	61.76470588	0	0	38.23529412	0	0	0	0	0
213	1	72.97297297	0	0	18.91891892	0	0	0	2.702702703	5.405405405
214	1	29.41176471	0	0	70.58823529	0	0	0	0	0
215	1	0	0	0	100	0	0	0	0	0
216	1	0	0	0	100	0	0	0	0	0
217	1	73.68421053	0	0	15.78947368	0	0	0	0	10.52631579
218	1	4.166666667	0	10.41666667	58.33333333	0	0	0	0	27.08333333
221	1	7.142857143	0	0	73.80952381	0	0	0	0	19.04761905
224	1	80	0	0	20	0	0	0	0	0
225	1	84.21052632	0	0	15.78947368	0	0	0	0	0
226	1	25.71428571	0	74.28571429	0	0	0	0	0	0
228	1	0	0	28.57142857	71.42857143	0	0	0	0	0
232	1	48.57142857	0	2.857142857	0	0	0	48.57142857	0	0
233	1	22.85714286	0	0	77.14285714	0	0	0	0	0
235	1	88.23529412	0	0	11.76470588	0	0	0	0	0
236	1	23.52941176	0	73.52941176	2.941176471	0	0	0	0	0
237	1	100	0	0	0	0	0	0	0	0
238	1	52.77777778	0	0	47.22222222	0	0	0	0	0
244	6	52.94117647	14.70588235	29.41176471	2.941176471	0	0	0	0	0
245	6	91.42857143	0	0	8.571428571	0	0	0	0	0
246	6	59.52380952	21.42857143	0	0	0	0	0	0	19.04761905
248	6	31.11111111	4.444444444	28.88888889	15.55555556	0	0	0	0	20
249	6	73.52941176	5.882352941	20.58823529	0	0	0	0	0	0
250	6	100	0	0	0	0	0	0	0	0
251	6	100	0	0	0	0	0	0	0	0
252	6	100	0	0	0	0	0	0	0	0
253	6	83.33333333	0	0	0	0	0	0	0	16.66666667
254	6	100	0	0	0	0	0	0	0	0
255	6	100	0	0	0	0	0	0	0	0
256	6	100	0	0	0	0	0	0	0	0
257	6	73.17073171	0	0	0	0	0	0	12.19512195	14.63414634
258	6	100	0	0	0	0	0	0	0	0
259	6	32.55813953	0	0	48.8372093	0	0	0	0	18.60465116
260	6	0	0	0	69.3877551	0	0	0	0	30.6122449
263	6	59.375	40.625	0	0	0	0	0	0	0
264	6	64.44444444	4.444444444	8.888888889	0	0	0	0	0	22.22222222
265	6	92.68292683	0	0	0	0	0	0	0	7.317073171
266	6	79.54545455	0	0	0	0	0	0	0	20.45454545
268	1	38.88888889	0	0	61.11111111	0	0	0	0	0
269	1	75	0	25	0	0	0	0	0	0
270	1	100	0	0	0	0	0	0	0	0
271	1	43.75	0	0	56.25	0	0	0	0	0
274	1	100	0	0	0	0	0	0	0	0
278	1	71.875	0	3.125	25	0	0	0	0	0
283	1	67.64705882	0	14.70588235	17.64705882	0	0	0	0	0
284	6	56.75675676	0	27.02702703	16.21621622	0	0	0	0	0
285	7	14.28571429	0	85.71428571	0	0	0	0	0	0
286	7	0	0	3.03030303	96.96969697	0	0	0	0	0
287	7	14.28571429	0	37.14285714	48.57142857	0	0	0	0	0
288	7	0	0	88.23529412	11.76470588	0	0	0	0	0
289	7	0	0	61.11111111	38.88888889	0	0	0	0	0
290	7	0	0	91.17647059	8.823529412	0	0	0	0	0
291	7	0	0	100	0	0	0	0	0	0
292	6	37.14285714	0	28.57142857	34.28571429	0	0	0	0	0
293	6	20	0	62.85714286	17.14285714	0	0	0	0	0
294	7	23.52941176	0	76.47058824	0	0	0	0	0	0
295	7	9.375	0	43.75	46.875	0	0	0	0	0
296	7	8.823529412	0	88.23529412	2.941176471	0	0	0	0	0
297	7	0	0	27.77777778	72.22222222	0	0	0	0	0
298	7	85.29411765	0	14.70588235	0	0	0	0	0	0
299	7	0	0	62.85714286	28.57142857	8.571428571	0	0	0	0
300	6	19.44444444	0	25	55.55555556	0	0	0	0	0
301	6	91.66666667	0	5.555555556	2.777777778	0	0	0	0	0
302	6	0	0	88.88888889	11.11111111	0	0	0	0	0
303	6	0	0	31.42857143	68.57142857	0	0	0	0	0
304	7	33.33333333	0	36.11111111	30.55555556	0	0	0	0	0
305	7	62.85714286	0	17.14285714	20	0	0	0	0	0
306	6	100	0	0	0	0	0	0	0	0
307	6	100	0	0	0	0	0	0	0	0
308	7	100	0	0	0	0	0	0	0	0
