Ponto	Drenagem	Ab_BL	Ab_Body_elong	Ab_Eye_ver	Ab_Rel_eye	Ab_O_gape	Ab_Body_lat	Ab_pect	Ab_Pect_size	Ab_Caud_ped	Ab_Area.caud	Ab_Area_pec	Ab_rel_algivoro	Ab_rel_detritivoro	Ab_rel_invertivoro	Ab_rel_onivoro	Ab_rel_piscivoro	Riq_algivoro	Riq_detritivoro	Riq_invertivoro	Riq_onivoro	Riq_piscivoro	Riq_rel_detritivoro	Riq_rel_invertivoro	Riq_rel_onivoro	Riq_rel_piscivoro	Riq_total_especies	Riq_Characiformes	Riq_rel_Characiformes	Riq_Siluriformes	Riq_rel_Siluriformes	Riq_Siluri_Characi	Riq_rel_Siluri_Characi	Riq_Cyprinidontiformes	Riq_rel_Cyprinidontiformes	Riq_Gymnotiformes	Riq_rel_Gymnotiformes	Riq_Cicliformes	Riq_rel_Cicliformes	Riq_Poecilia_reticulata	Riq_rel_Poecilia_reticulata	 Riq_Callichthyidae	 Riq_rel_Callichthyidae	 Riq_Characidae	 Riq_rel_Characidae	 Riq_Curimatidae	 Riq_rel_Curimatidae	 Riq_Crenuchidae	 Riq_rel_Crenuchidae	 Riq_Erythrinidae	 Riq_rel_Erythrinidae	 Riq_rel_Gymnotidae	 Riq_Gymnotidae	 Riq_Heptapteridae	 Riq_rel_Heptapteridae	 Riq_Loricariidae	 Riq_rel_Loricariidae	 Riq_Poeciliidae	 Riq_rel_Poeciliidae	Ab_total_especies	Ab_rel_Characiformes	Ab_rel_Siluriformes	Ab_rel_Siluri_Characi	Ab_rel_Cyprinidontiformes	Ab_rel_Gymnotiformes	Ab_rel_Cicliformes	Ab_rel_Poecilia_reticulata	Ab_rel_Callichthyidae	Ab_rel_Characidae	Ab_rel_Curimatidae	Ab_rel_Crenuchidae	Ab_rel_Erythrinidae	Ab_rel_Gymnotidae	Ab_rel_Heptapteridae	Ab_rel_Loricariidae	Ab_rel_Poeciliidae
1	2	68.19	3.37	0.39	0.34	0.16	0.57	0.12	0.68	2.38	3.19	1.05	0.06	0.25	0.32	0.36	0.01	1.00	2.00	7.00	3.00	1.00	0.08	0.28	0.12	0.04	14.00	7.00	0.50	5.00	0.36	12.00	0.86	0.00	0.00	1.00	0.07	1.00	0.07	0.00	0.00	3.00	0.21	5.00	0.36	1.00	0.07	0.00	0.00	1.00	0.07	1.00	0.07	1.00	0.07	1.00	0.07	0.00	0.00	95.00	0.49	0.40	0.89	0.00	0.06	0.04	0.00	0.26	0.36	0.13	0.00	0.01	0.06	0.02	0.01	0.00
2	2	55.81	3.72	0.35	0.42	0.23	0.57	0.19	0.87	1.69	3.04	1.14	0.00	0.60	0.23	0.09	0.00	0.00	3.00	4.00	3.00	0.00	0.15	0.20	0.15	0.00	13.00	6.00	0.46	3.00	0.23	9.00	0.69	1.00	0.08	1.00	0.08	2.00	0.15	1.00	0.08	2.00	0.15	2.00	0.15	1.00	0.08	1.00	0.08	1.00	0.08	1.00	0.08	0.00	0.00	1.00	0.08	1.00	0.08	387.00	0.18	0.18	0.36	0.51	0.07	0.06	0.51	0.12	0.07	0.02	0.00	0.00	0.07	0.00	0.00	0.51
3	2	76.03	2.79	0.34	0.41	0.16	0.54	0.09	0.62	2.57	4.04	1.04	0.00	0.28	0.66	0.03	0.03	0.00	3.00	4.00	1.00	1.00	0.20	0.27	0.07	0.07	9.00	4.00	0.44	4.00	0.44	8.00	0.89	1.00	0.11	0.00	0.00	0.00	0.00	1.00	0.11	2.00	0.22	2.00	0.22	1.00	0.11	0.00	0.00	1.00	0.11	0.00	0.00	1.00	0.11	1.00	0.11	1.00	0.11	145.00	0.87	0.12	0.99	0.01	0.00	0.00	0.01	0.03	0.65	0.19	0.00	0.03	0.00	0.01	0.01	0.01
4	2	67.40	2.59	0.27	0.48	0.13	0.47	0.07	0.55	2.38	3.58	0.77	0.00	0.43	0.43	0.10	0.03	0.00	2.00	2.00	1.00	1.00	0.17	0.17	0.08	0.08	6.00	5.00	0.83	0.00	0.00	5.00	0.83	1.00	0.17	0.00	0.00	0.00	0.00	1.00	0.17	0.00	0.00	3.00	0.50	1.00	0.17	0.00	0.00	1.00	0.17	0.00	0.00	0.00	0.00	0.00	0.00	1.00	0.17	71.00	0.99	0.00	0.99	0.01	0.00	0.00	0.01	0.00	0.54	0.42	0.00	0.03	0.00	0.00	0.00	0.01
5	2	98.71	3.25	0.37	0.39	0.18	0.55	0.08	0.72	2.73	4.80	1.15	0.00	0.25	0.42	0.32	0.00	0.00	2.00	3.00	1.00	0.00	0.13	0.19	0.06	0.00	6.00	3.00	0.50	2.00	0.33	5.00	0.83	1.00	0.17	0.00	0.00	0.00	0.00	1.00	0.17	0.00	0.00	3.00	0.50	0.00	0.00	0.00	0.00	0.00	0.00	0.00	0.00	1.00	0.17	1.00	0.17	1.00	0.17	31.00	0.58	0.35	0.94	0.06	0.00	0.00	0.06	0.00	0.58	0.00	0.00	0.00	0.00	0.16	0.03	0.06
6	2	66.24	2.79	0.33	0.45	0.20	0.52	0.07	0.64	2.82	3.35	0.73	0.00	0.09	0.66	0.25	0.00	0.00	3.00	4.00	3.00	0.00	0.14	0.19	0.14	0.00	10.00	7.00	0.70	1.00	0.10	8.00	0.80	1.00	0.10	1.00	0.10	0.00	0.00	1.00	0.10	0.00	0.00	5.00	0.50	1.00	0.10	1.00	0.10	0.00	0.00	1.00	0.10	0.00	0.00	1.00	0.10	1.00	0.10	86.00	0.91	0.06	0.97	0.02	0.01	0.00	0.02	0.00	0.85	0.01	0.05	0.00	0.01	0.00	0.01	0.02
7	2	61.10	2.72	0.32	0.42	0.19	0.51	0.11	0.63	2.58	3.07	0.79	0.17	0.01	0.77	0.04	0.01	1.00	1.00	7.00	1.00	1.00	0.04	0.29	0.04	0.04	11.00	4.00	0.36	3.00	0.27	7.00	0.64	1.00	0.09	1.00	0.09	2.00	0.18	1.00	0.09	1.00	0.09	2.00	0.18	0.00	0.00	1.00	0.09	1.00	0.09	1.00	0.09	2.00	0.18	0.00	0.00	1.00	0.09	102.00	0.78	0.12	0.90	0.01	0.01	0.08	0.01	0.07	0.74	0.00	0.04	0.01	0.01	0.05	0.00	0.01
8	2	88.29	4.15	0.42	0.31	0.10	0.58	0.12	0.81	2.33	3.62	1.33	0.00	0.22	0.73	0.04	0.01	0.00	1.00	8.00	3.00	1.00	0.05	0.38	0.14	0.05	13.00	6.00	0.46	5.00	0.38	11.00	0.85	0.00	0.00	1.00	0.08	1.00	0.08	0.00	0.00	2.00	0.15	4.00	0.31	0.00	0.00	0.00	0.00	1.00	0.08	1.00	0.08	2.00	0.15	1.00	0.08	0.00	0.00	96.00	0.31	0.59	0.91	0.00	0.08	0.01	0.00	0.03	0.29	0.00	0.00	0.01	0.08	0.34	0.01	0.00
9	2	48.39	2.86	0.35	0.52	0.27	0.58	0.09	0.67	3.09	2.79	0.69	0.04	0.00	0.88	0.04	0.04	1.00	0.00	5.00	1.00	1.00	0.00	0.24	0.05	0.05	8.00	6.00	0.75	1.00	0.13	7.00	0.88	0.00	0.00	0.00	0.00	1.00	0.13	0.00	0.00	1.00	0.13	5.00	0.63	0.00	0.00	0.00	0.00	1.00	0.13	0.00	0.00	0.00	0.00	0.00	0.00	0.00	0.00	26.00	0.92	0.04	0.96	0.00	0.00	0.04	0.00	0.04	0.88	0.00	0.00	0.04	0.00	0.00	0.00	0.00
10	2	66.96	2.95	0.34	0.44	0.20	0.54	0.10	0.64	2.62	3.48	0.88	0.00	0.21	0.54	0.21	0.03	0.00	3.00	4.00	4.00	1.00	0.17	0.22	0.22	0.06	13.00	6.00	0.46	5.00	0.38	11.00	0.85	1.00	0.08	0.00	0.00	1.00	0.08	1.00	0.08	1.00	0.08	4.00	0.31	1.00	0.08	0.00	0.00	1.00	0.08	0.00	0.00	2.00	0.15	2.00	0.15	1.00	0.08	124.00	0.87	0.06	0.93	0.06	0.00	0.01	0.06	0.01	0.70	0.14	0.00	0.03	0.00	0.03	0.02	0.06
12	2	51.71	3.14	0.43	0.28	0.11	0.61	0.08	0.90	1.91	2.97	1.18	0.00	0.11	0.78	0.11	0.00	0.00	1.00	3.00	1.00	0.00	0.05	0.14	0.05	0.00	5.00	2.00	0.40	1.00	0.20	3.00	0.60	1.00	0.20	0.00	0.00	1.00	0.20	1.00	0.20	1.00	0.20	2.00	0.40	0.00	0.00	0.00	0.00	0.00	0.00	0.00	0.00	0.00	0.00	0.00	0.00	1.00	0.20	9.00	0.22	0.56	0.78	0.11	0.00	0.11	0.11	0.56	0.22	0.00	0.00	0.00	0.00	0.00	0.00	0.11
13	2	77.18	3.45	0.39	0.36	0.16	0.58	0.12	0.72	2.54	3.59	1.16	0.11	0.29	0.38	0.22	0.00	1.00	4.00	8.00	3.00	0.00	0.17	0.33	0.13	0.00	16.00	8.00	0.50	4.00	0.25	12.00	0.75	1.00	0.06	1.00	0.06	2.00	0.13	1.00	0.06	1.00	0.06	5.00	0.31	2.00	0.13	1.00	0.06	0.00	0.00	0.00	0.00	2.00	0.13	1.00	0.06	1.00	0.06	141.00	0.52	0.34	0.87	0.04	0.06	0.03	0.04	0.10	0.44	0.07	0.01	0.00	0.00	0.06	0.01	0.04
14	2	41.23	3.37	0.35	0.45	0.23	0.58	0.17	0.90	1.77	2.84	0.87	0.00	0.60	0.40	0.00	0.00	0.00	3.00	5.00	0.00	0.00	0.25	0.42	0.00	0.00	8.00	4.00	0.50	3.00	0.38	7.00	0.88	1.00	0.13	0.00	0.00	0.00	0.00	1.00	0.13	1.00	0.13	2.00	0.25	1.00	0.13	1.00	0.13	0.00	0.00	0.00	0.00	1.00	0.13	1.00	0.13	1.00	0.13	112.00	0.19	0.22	0.41	0.59	0.00	0.00	0.59	0.21	0.17	0.01	0.01	0.00	0.00	0.01	0.01	0.59
15	2	53.87	2.42	0.31	0.43	0.19	0.50	0.06	0.62	2.71	2.92	0.54	0.01	0.00	0.99	0.00	0.00	1.00	0.00	3.00	0.00	0.00	0.00	0.20	0.00	0.00	4.00	3.00	0.75	1.00	0.25	4.00	1.00	0.00	0.00	0.00	0.00	0.00	0.00	0.00	0.00	1.00	0.25	3.00	0.75	0.00	0.00	0.00	0.00	0.00	0.00	0.00	0.00	0.00	0.00	0.00	0.00	0.00	0.00	119.00	0.86	0.14	1.00	0.00	0.00	0.00	0.00	0.14	0.86	0.00	0.00	0.00	0.00	0.00	0.00	0.00
16	2	77.06	3.53	0.43	0.39	0.14	0.61	0.06	0.89	2.76	3.74	1.35	0.00	0.04	0.50	0.18	0.00	0.00	2.00	5.00	2.00	0.00	0.10	0.24	0.10	0.00	16.00	10.00	0.63	5.00	0.31	15.00	0.94	0.00	0.00	0.00	0.00	1.00	0.06	0.00	0.00	1.00	0.06	6.00	0.38	1.00	0.06	1.00	0.06	1.00	0.06	0.00	0.00	2.00	0.13	2.00	0.13	0.00	0.00	239.00	0.72	0.28	1.00	0.00	0.00	0.00	0.00	0.00	0.57	0.01	0.09	0.00	0.00	0.01	0.01	0.00
17	2	71.43	2.79	0.34	0.42	0.21	0.54	0.07	0.66	2.60	3.65	0.84	0.00	0.09	0.60	0.27	0.04	0.00	3.00	4.00	2.00	1.00	0.16	0.21	0.11	0.05	10.00	5.00	0.50	4.00	0.40	9.00	0.90	1.00	0.10	0.00	0.00	0.00	0.00	1.00	0.10	2.00	0.20	3.00	0.30	1.00	0.10	0.00	0.00	1.00	0.10	0.00	0.00	1.00	0.10	1.00	0.10	1.00	0.10	82.00	0.82	0.12	0.94	0.06	0.00	0.00	0.06	0.10	0.76	0.02	0.00	0.04	0.00	0.01	0.01	0.06
18	2	63.80	2.85	0.31	0.47	0.25	0.52	0.12	0.67	2.51	3.40	0.74	0.00	0.21	0.64	0.13	0.01	0.00	1.00	4.00	2.00	1.00	0.08	0.33	0.17	0.08	9.00	5.00	0.56	1.00	0.11	6.00	0.67	1.00	0.11	2.00	0.22	0.00	0.00	1.00	0.11	0.00	0.00	4.00	0.44	0.00	0.00	0.00	0.00	1.00	0.11	2.00	0.22	0.00	0.00	1.00	0.11	1.00	0.11	145.00	0.77	0.01	0.77	0.21	0.01	0.00	0.21	0.00	0.75	0.00	0.00	0.01	0.01	0.00	0.01	0.21
19	2	34.82	3.60	0.50	0.16	0.02	0.65	0.01	0.97	1.58	1.56	0.78	0.00	0.00	1.00	0.00	0.00	0.00	0.00	3.00	0.00	0.00	0.00	0.27	0.00	0.00	3.00	1.00	0.33	1.00	0.33	2.00	0.67	0.00	0.00	1.00	0.33	0.00	0.00	0.00	0.00	1.00	0.33	1.00	0.33	0.00	0.00	0.00	0.00	0.00	0.00	1.00	0.33	0.00	0.00	0.00	0.00	0.00	0.00	49.00	0.02	0.94	0.96	0.00	0.04	0.00	0.00	0.94	0.02	0.00	0.00	0.00	0.04	0.00	0.00	0.00
20	2	59.38	2.72	0.31	0.43	0.19	0.52	0.13	0.55	2.79	3.12	0.78	0.52	0.02	0.41	0.04	0.01	1.00	1.00	4.00	1.00	1.00	0.05	0.19	0.05	0.05	8.00	5.00	0.63	0.00	0.00	5.00	0.63	0.00	0.00	1.00	0.13	2.00	0.25	0.00	0.00	0.00	0.00	3.00	0.38	1.00	0.13	0.00	0.00	1.00	0.13	1.00	0.13	0.00	0.00	0.00	0.00	0.00	0.00	185.00	0.92	0.00	0.92	0.00	0.02	0.05	0.00	0.00	0.90	0.02	0.00	0.01	0.02	0.00	0.00	0.00
21	2	83.32	3.37	0.41	0.38	0.18	0.61	0.12	0.90	2.31	4.44	1.63	0.00	0.25	0.29	0.30	0.00	0.00	2.00	6.00	4.00	0.00	0.10	0.30	0.20	0.00	13.00	4.00	0.31	5.00	0.38	9.00	0.69	1.00	0.08	0.00	0.00	3.00	0.23	1.00	0.08	2.00	0.15	3.00	0.23	0.00	0.00	1.00	0.08	0.00	0.00	0.00	0.00	1.00	0.08	2.00	0.15	1.00	0.08	129.00	0.38	0.31	0.69	0.20	0.00	0.11	0.20	0.08	0.34	0.00	0.04	0.00	0.00	0.02	0.02	0.20
22	2	51.32	3.22	0.39	0.38	0.17	0.59	0.11	0.85	2.07	3.07	0.95	0.00	0.39	0.60	0.00	0.01	0.00	3.00	3.00	0.00	1.00	0.21	0.21	0.00	0.07	7.00	4.00	0.57	2.00	0.29	6.00	0.86	1.00	0.14	0.00	0.00	0.00	0.00	1.00	0.14	1.00	0.14	2.00	0.29	1.00	0.14	0.00	0.00	1.00	0.14	0.00	0.00	0.00	0.00	1.00	0.14	1.00	0.14	143.00	0.36	0.35	0.71	0.29	0.00	0.00	0.29	0.29	0.31	0.04	0.00	0.01	0.00	0.00	0.01	0.29
23	2	88.96	4.65	0.35	0.30	0.22	0.51	0.17	0.63	1.54	2.22	0.76	0.00	0.10	0.83	0.07	0.00	0.00	2.00	3.00	2.00	0.00	0.09	0.13	0.09	0.00	11.00	3.00	0.27	3.00	0.27	6.00	0.55	1.00	0.09	1.00	0.09	2.00	0.18	1.00	0.09	1.00	0.09	2.00	0.18	0.00	0.00	0.00	0.00	1.00	0.09	1.00	0.09	1.00	0.09	1.00	0.09	1.00	0.09	271.00	0.35	0.17	0.52	0.06	0.35	0.07	0.06	0.13	0.34	0.00	0.00	0.00	0.35	0.00	0.00	0.06
24	2	61.36	3.24	0.37	0.42	0.24	0.56	0.14	0.67	2.61	2.80	0.76	0.08	0.06	0.78	0.05	0.03	1.00	3.00	9.00	2.00	1.00	0.13	0.38	0.08	0.04	16.00	7.00	0.44	5.00	0.31	12.00	0.75	1.00	0.06	1.00	0.06	2.00	0.13	1.00	0.06	2.00	0.13	5.00	0.31	1.00	0.06	0.00	0.00	1.00	0.06	1.00	0.06	2.00	0.13	1.00	0.06	1.00	0.06	345.00	0.76	0.13	0.89	0.03	0.04	0.05	0.03	0.10	0.73	0.01	0.00	0.03	0.04	0.01	0.00	0.03
25	2	56.25	3.38	0.43	0.40	0.20	0.60	0.12	0.76	2.67	2.62	0.75	0.00	0.05	0.95	0.00	0.00	0.00	1.00	7.00	0.00	0.00	0.06	0.41	0.00	0.00	8.00	3.00	0.38	4.00	0.50	7.00	0.88	0.00	0.00	0.00	0.00	1.00	0.13	0.00	0.00	1.00	0.13	3.00	0.38	0.00	0.00	0.00	0.00	0.00	0.00	0.00	0.00	2.00	0.25	1.00	0.13	0.00	0.00	65.00	0.69	0.29	0.98	0.00	0.00	0.02	0.00	0.17	0.69	0.00	0.00	0.00	0.00	0.08	0.02	0.00
26	2	49.51	3.25	0.41	0.48	0.27	0.60	0.17	0.68	2.92	2.39	0.66	0.16	0.00	0.79	0.04	0.01	2.00	0.00	5.00	1.00	1.00	0.00	0.21	0.04	0.04	9.00	7.00	0.78	0.00	0.00	7.00	0.78	0.00	0.00	0.00	0.00	2.00	0.22	0.00	0.00	0.00	0.00	4.00	0.44	0.00	0.00	1.00	0.11	1.00	0.11	0.00	0.00	0.00	0.00	0.00	0.00	0.00	0.00	338.00	0.95	0.00	0.95	0.00	0.00	0.05	0.00	0.00	0.91	0.00	0.01	0.01	0.00	0.00	0.00	0.00
27	2	73.92	3.50	0.39	0.42	0.20	0.57	0.11	0.74	2.69	3.24	0.91	0.00	0.05	0.60	0.29	0.01	0.00	2.00	7.00	3.00	1.00	0.10	0.33	0.14	0.05	15.00	7.00	0.47	5.00	0.33	12.00	0.80	1.00	0.07	1.00	0.07	1.00	0.07	1.00	0.07	0.00	0.00	4.00	0.27	0.00	0.00	1.00	0.07	1.00	0.07	1.00	0.07	3.00	0.20	2.00	0.13	1.00	0.07	111.00	0.80	0.16	0.96	0.01	0.02	0.01	0.01	0.00	0.70	0.00	0.06	0.01	0.02	0.11	0.02	0.01
28	2	65.78	2.47	0.37	0.37	0.20	0.56	0.13	0.65	2.35	3.84	1.39	0.00	0.00	0.79	0.21	0.00	0.00	0.00	4.00	2.00	0.00	0.00	0.40	0.20	0.00	6.00	2.00	0.33	1.00	0.17	3.00	0.50	0.00	0.00	0.00	0.00	3.00	0.50	0.00	0.00	1.00	0.17	2.00	0.33	0.00	0.00	0.00	0.00	0.00	0.00	0.00	0.00	0.00	0.00	0.00	0.00	0.00	0.00	69.00	0.62	0.14	0.77	0.00	0.00	0.23	0.00	0.14	0.62	0.00	0.00	0.00	0.00	0.00	0.00	0.00
29	2	45.27	3.49	0.50	0.18	0.02	0.65	0.02	0.96	1.73	2.24	0.91	0.00	0.02	0.98	0.00	0.00	0.00	1.00	3.00	0.00	0.00	0.09	0.27	0.00	0.00	4.00	1.00	0.25	3.00	0.75	4.00	1.00	0.00	0.00	0.00	0.00	0.00	0.00	0.00	0.00	1.00	0.25	1.00	0.25	0.00	0.00	0.00	0.00	0.00	0.00	0.00	0.00	1.00	0.25	1.00	0.25	0.00	0.00	42.00	0.05	0.95	1.00	0.00	0.00	0.00	0.00	0.86	0.05	0.00	0.00	0.00	0.00	0.07	0.02	0.00
30	2	69.66	4.95	0.39	0.24	0.18	0.57	0.15	0.70	1.06	1.41	0.69	0.00	0.00	0.70	0.26	0.04	0.00	0.00	3.00	3.00	1.00	0.00	0.16	0.16	0.05	7.00	1.00	0.14	2.00	0.29	3.00	0.43	1.00	0.14	1.00	0.14	1.00	0.14	0.00	0.00	2.00	0.29	1.00	0.14	0.00	0.00	0.00	0.00	0.00	0.00	1.00	0.14	0.00	0.00	0.00	0.00	0.00	0.00	23.00	0.04	0.39	0.43	0.17	0.30	0.04	0.00	0.39	0.04	0.00	0.00	0.00	0.30	0.00	0.00	0.00
31	2	47.23	2.85	0.34	0.50	0.24	0.56	0.12	0.63	3.05	2.66	0.62	0.29	0.03	0.63	0.04	0.01	1.00	2.00	6.00	2.00	1.00	0.12	0.35	0.12	0.06	15.00	8.00	0.53	3.00	0.20	11.00	0.73	2.00	0.13	0.00	0.00	2.00	0.13	1.00	0.07	1.00	0.07	6.00	0.40	1.00	0.07	0.00	0.00	1.00	0.07	0.00	0.00	1.00	0.07	1.00	0.07	1.00	0.07	344.00	0.90	0.02	0.92	0.03	0.00	0.05	0.02	0.01	0.88	0.01	0.00	0.01	0.00	0.00	0.00	0.02
32	2	35.63	3.51	0.36	0.47	0.27	0.60	0.21	0.92	1.80	2.55	0.80	0.00	0.63	0.35	0.02	0.00	0.00	1.00	3.00	1.00	0.00	0.08	0.25	0.08	0.00	11.00	5.00	0.45	2.00	0.18	7.00	0.64	1.00	0.09	1.00	0.09	2.00	0.18	1.00	0.09	2.00	0.18	4.00	0.36	0.00	0.00	0.00	0.00	1.00	0.09	1.00	0.09	0.00	0.00	0.00	0.00	1.00	0.09	1313.00	0.19	0.16	0.35	0.62	0.00	0.03	0.62	0.16	0.19	0.00	0.00	0.00	0.00	0.00	0.00	0.62
33	2	40.28	3.36	0.31	0.52	0.30	0.57	0.22	0.89	1.76	3.03	0.90	0.00	0.75	0.22	0.03	0.00	0.00	1.00	4.00	2.00	0.00	0.06	0.24	0.12	0.00	7.00	3.00	0.43	1.00	0.14	4.00	0.57	2.00	0.29	0.00	0.00	1.00	0.14	1.00	0.14	1.00	0.14	3.00	0.43	0.00	0.00	0.00	0.00	0.00	0.00	0.00	0.00	0.00	0.00	0.00	0.00	1.00	0.14	129.00	0.19	0.03	0.22	0.76	0.00	0.02	0.75	0.03	0.19	0.00	0.00	0.00	0.00	0.00	0.00	0.75
35	2	58.67	3.31	0.38	0.35	0.18	0.56	0.10	0.70	2.23	2.54	0.76	0.03	0.02	0.89	0.05	0.01	1.00	1.00	5.00	2.00	1.00	0.05	0.26	0.11	0.05	10.00	6.00	0.60	1.00	0.10	7.00	0.70	1.00	0.10	1.00	0.10	1.00	0.10	0.00	0.00	1.00	0.10	4.00	0.40	1.00	0.10	0.00	0.00	1.00	0.10	1.00	0.10	0.00	0.00	0.00	0.00	0.00	0.00	164.00	0.60	0.27	0.87	0.01	0.08	0.04	0.00	0.27	0.58	0.02	0.00	0.01	0.08	0.00	0.00	0.00
36	3	78.03	3.81	0.33	0.37	0.21	0.51	0.12	0.62	2.06	2.71	0.74	0.16	0.00	0.76	0.03	0.05	2.00	0.00	5.00	1.00	1.00	0.00	0.28	0.06	0.06	9.00	5.00	0.56	2.00	0.22	7.00	0.78	0.00	0.00	1.00	0.11	1.00	0.11	0.00	0.00	1.00	0.11	3.00	0.33	0.00	0.00	0.00	0.00	1.00	0.11	1.00	0.11	1.00	0.11	0.00	0.00	0.00	0.00	38.00	0.66	0.13	0.79	0.00	0.18	0.03	0.00	0.11	0.53	0.00	0.00	0.05	0.18	0.03	0.00	0.00
37	3	47.74	3.71	0.37	0.47	0.22	0.59	0.21	0.89	1.70	2.71	1.02	0.22	0.40	0.34	0.03	0.01	1.00	1.00	5.00	1.00	1.00	0.04	0.22	0.04	0.04	9.00	4.00	0.44	1.00	0.11	5.00	0.56	1.00	0.11	1.00	0.11	2.00	0.22	1.00	0.11	1.00	0.11	2.00	0.22	0.00	0.00	0.00	0.00	1.00	0.11	1.00	0.11	0.00	0.00	0.00	0.00	1.00	0.11	129.00	0.26	0.19	0.46	0.40	0.02	0.12	0.40	0.19	0.04	0.00	0.00	0.01	0.02	0.00	0.00	0.40
38	3	74.85	3.13	0.40	0.36	0.18	0.59	0.12	0.75	2.35	3.78	1.46	0.02	0.09	0.41	0.44	0.00	1.00	2.00	6.00	4.00	0.00	0.13	0.40	0.27	0.00	14.00	6.00	0.43	4.00	0.29	10.00	0.71	1.00	0.07	1.00	0.07	2.00	0.14	1.00	0.07	1.00	0.07	5.00	0.36	1.00	0.07	0.00	0.00	0.00	0.00	1.00	0.07	2.00	0.14	1.00	0.07	1.00	0.07	61.00	0.52	0.23	0.75	0.07	0.02	0.16	0.07	0.15	0.51	0.02	0.00	0.00	0.02	0.03	0.02	0.07
39	3	85.77	2.73	0.31	0.47	0.25	0.51	0.05	0.61	2.96	4.07	0.70	0.00	0.00	0.00	1.00	0.00	0.00	0.00	0.00	1.00	0.00	0.00	0.00	0.33	0.00	1.00	1.00	1.00	0.00	0.00	1.00	1.00	0.00	0.00	0.00	0.00	0.00	0.00	0.00	0.00	0.00	0.00	1.00	1.00	0.00	0.00	0.00	0.00	0.00	0.00	0.00	0.00	0.00	0.00	0.00	0.00	0.00	0.00	1.00	1.00	0.00	1.00	0.00	0.00	0.00	0.00	0.00	1.00	0.00	0.00	0.00	0.00	0.00	0.00	0.00
40	3	34.17	3.60	0.30	0.55	0.33	0.58	0.26	0.97	1.49	2.95	0.90	0.00	0.99	0.00	0.01	0.00	0.00	1.00	0.00	1.00	0.00	0.08	0.00	0.08	0.00	3.00	0.00	0.00	2.00	0.67	2.00	0.67	1.00	0.33	0.00	0.00	0.00	0.00	1.00	0.33	1.00	0.33	0.00	0.00	0.00	0.00	0.00	0.00	0.00	0.00	0.00	0.00	1.00	0.33	0.00	0.00	1.00	0.33	437.00	0.00	0.01	0.01	0.99	0.00	0.00	0.99	0.01	0.00	0.00	0.00	0.00	0.00	0.00	0.00	0.99
41	3	58.58	2.88	0.34	0.44	0.21	0.55	0.09	0.65	2.88	3.09	0.69	0.10	0.08	0.56	0.26	0.00	1.00	2.00	5.00	3.00	0.00	0.13	0.31	0.19	0.00	11.00	6.00	0.55	4.00	0.36	10.00	0.91	1.00	0.09	0.00	0.00	0.00	0.00	1.00	0.09	2.00	0.18	6.00	0.55	0.00	0.00	0.00	0.00	0.00	0.00	0.00	0.00	1.00	0.09	1.00	0.09	1.00	0.09	137.00	0.86	0.10	0.96	0.04	0.00	0.00	0.04	0.04	0.86	0.00	0.00	0.00	0.00	0.02	0.01	0.04
43	3	46.01	3.76	0.39	0.56	0.25	0.59	0.17	0.77	2.65	2.17	0.56	0.43	0.00	0.55	0.00	0.02	1.00	0.00	3.00	0.00	1.00	0.00	0.21	0.00	0.07	5.00	4.00	0.80	1.00	0.20	5.00	1.00	0.00	0.00	0.00	0.00	0.00	0.00	0.00	0.00	1.00	0.20	2.00	0.40	0.00	0.00	0.00	0.00	1.00	0.20	0.00	0.00	0.00	0.00	0.00	0.00	0.00	0.00	107.00	0.99	0.01	1.00	0.00	0.00	0.00	0.00	0.01	0.54	0.00	0.00	0.02	0.00	0.00	0.00	0.00
44	3	50.81	3.37	0.41	0.47	0.28	0.60	0.16	0.69	2.86	2.24	0.53	0.00	0.02	0.97	0.00	0.01	0.00	1.00	7.00	0.00	1.00	0.06	0.44	0.00	0.06	9.00	5.00	0.56	2.00	0.22	7.00	0.78	1.00	0.11	1.00	0.11	0.00	0.00	1.00	0.11	1.00	0.11	4.00	0.44	0.00	0.00	0.00	0.00	1.00	0.11	1.00	0.11	1.00	0.11	0.00	0.00	1.00	0.11	90.00	0.92	0.03	0.96	0.02	0.02	0.00	0.02	0.02	0.91	0.00	0.00	0.01	0.02	0.01	0.00	0.02
45	3	49.63	3.47	0.42	0.49	0.30	0.62	0.18	0.74	2.82	2.36	0.62	0.00	0.13	0.85	0.01	0.01	0.00	2.00	3.00	1.00	1.00	0.13	0.19	0.06	0.06	10.00	5.00	0.50	1.00	0.10	6.00	0.60	1.00	0.10	1.00	0.10	2.00	0.20	1.00	0.10	0.00	0.00	3.00	0.30	0.00	0.00	1.00	0.10	1.00	0.10	1.00	0.10	0.00	0.00	1.00	0.10	1.00	0.10	444.00	0.85	0.02	0.87	0.11	0.01	0.01	0.11	0.00	0.84	0.00	0.00	0.01	0.01	0.00	0.00	0.11
46	3	38.55	3.21	0.31	0.49	0.27	0.57	0.24	0.80	1.83	2.63	0.76	0.16	0.58	0.10	0.16	0.00	1.00	2.00	5.00	1.00	0.00	0.11	0.26	0.05	0.00	11.00	6.00	0.55	1.00	0.09	7.00	0.64	1.00	0.09	1.00	0.09	2.00	0.18	1.00	0.09	1.00	0.09	4.00	0.36	1.00	0.09	0.00	0.00	1.00	0.09	1.00	0.09	0.00	0.00	0.00	0.00	1.00	0.09	532.00	0.26	0.02	0.27	0.56	0.01	0.16	0.56	0.02	0.24	0.02	0.00	0.00	0.01	0.00	0.00	0.56
47	3	55.20	3.41	0.43	0.40	0.20	0.62	0.11	0.82	2.65	2.76	0.86	0.06	0.09	0.73	0.04	0.00	1.00	2.00	5.00	1.00	0.00	0.09	0.22	0.04	0.00	10.00	5.00	0.50	4.00	0.40	9.00	0.90	1.00	0.10	0.00	0.00	0.00	0.00	1.00	0.10	1.00	0.10	5.00	0.50	0.00	0.00	0.00	0.00	0.00	0.00	0.00	0.00	1.00	0.10	2.00	0.20	1.00	0.10	80.00	0.65	0.29	0.94	0.06	0.00	0.00	0.06	0.18	0.65	0.00	0.00	0.00	0.00	0.01	0.03	0.06
48	3	54.42	3.12	0.37	0.47	0.26	0.57	0.15	0.65	2.79	2.57	0.62	0.08	0.01	0.83	0.07	0.01	1.00	1.00	6.00	4.00	1.00	0.06	0.33	0.22	0.06	13.00	6.00	0.46	1.00	0.08	7.00	0.54	2.00	0.15	1.00	0.08	3.00	0.23	1.00	0.08	1.00	0.08	5.00	0.38	0.00	0.00	0.00	0.00	1.00	0.08	1.00	0.08	0.00	0.00	0.00	0.00	1.00	0.08	153.00	0.88	0.01	0.90	0.04	0.02	0.05	0.01	0.01	0.88	0.00	0.00	0.01	0.02	0.00	0.00	0.01
49	3	41.08	3.53	0.31	0.52	0.30	0.58	0.24	0.93	1.56	3.05	0.90	0.00	0.84	0.12	0.04	0.00	0.00	1.00	3.00	1.00	0.00	0.08	0.25	0.08	0.00	5.00	1.00	0.20	2.00	0.40	3.00	0.60	1.00	0.20	0.00	0.00	1.00	0.20	1.00	0.20	1.00	0.20	1.00	0.20	0.00	0.00	0.00	0.00	0.00	0.00	0.00	0.00	1.00	0.20	0.00	0.00	1.00	0.20	27.00	0.04	0.07	0.11	0.85	0.00	0.04	0.85	0.04	0.04	0.00	0.00	0.00	0.00	0.04	0.00	0.85
50	3	42.03	3.48	0.36	0.51	0.31	0.60	0.24	0.85	2.07	2.66	0.79	0.00	0.53	0.40	0.07	0.00	0.00	1.00	4.00	2.00	0.00	0.07	0.29	0.14	0.00	7.00	1.00	0.14	2.00	0.29	3.00	0.43	1.00	0.14	0.00	0.00	3.00	0.43	1.00	0.14	1.00	0.14	1.00	0.14	0.00	0.00	0.00	0.00	0.00	0.00	0.00	0.00	1.00	0.14	0.00	0.00	1.00	0.14	190.00	0.37	0.01	0.38	0.54	0.00	0.07	0.54	0.01	0.37	0.00	0.00	0.00	0.00	0.01	0.00	0.54
51	3	57.51	2.65	0.31	0.40	0.21	0.51	0.14	0.56	2.51	2.84	0.73	0.25	0.00	0.50	0.25	0.00	1.00	0.00	3.00	3.00	0.00	0.00	0.21	0.21	0.00	7.00	3.00	0.43	1.00	0.14	4.00	0.57	0.00	0.00	1.00	0.14	2.00	0.29	0.00	0.00	1.00	0.14	3.00	0.43	0.00	0.00	0.00	0.00	0.00	0.00	1.00	0.14	0.00	0.00	0.00	0.00	0.00	0.00	20.00	0.70	0.15	0.85	0.00	0.05	0.10	0.00	0.15	0.70	0.00	0.00	0.00	0.05	0.00	0.00	0.00
52	3	43.93	2.92	0.39	0.42	0.22	0.59	0.17	0.67	2.51	2.21	0.58	0.14	0.00	0.64	0.22	0.00	1.00	0.00	5.00	1.00	0.00	0.00	0.42	0.08	0.00	7.00	5.00	0.71	1.00	0.14	6.00	0.86	0.00	0.00	0.00	0.00	1.00	0.14	0.00	0.00	1.00	0.14	5.00	0.71	0.00	0.00	0.00	0.00	0.00	0.00	0.00	0.00	0.00	0.00	0.00	0.00	0.00	0.00	133.00	0.68	0.11	0.78	0.00	0.00	0.22	0.00	0.11	0.68	0.00	0.00	0.00	0.00	0.00	0.00	0.00
53	3	62.99	2.70	0.29	0.44	0.22	0.48	0.08	0.57	2.66	2.91	0.51	0.05	0.00	0.93	0.00	0.02	1.00	0.00	3.00	0.00	1.00	0.00	0.15	0.00	0.05	5.00	3.00	0.60	1.00	0.20	4.00	0.80	0.00	0.00	1.00	0.20	0.00	0.00	0.00	0.00	1.00	0.20	2.00	0.40	0.00	0.00	0.00	0.00	1.00	0.20	1.00	0.20	0.00	0.00	0.00	0.00	0.00	0.00	95.00	0.91	0.03	0.94	0.00	0.06	0.00	0.00	0.03	0.88	0.00	0.00	0.02	0.06	0.00	0.00	0.00
54	3	81.82	3.88	0.39	0.36	0.22	0.57	0.24	0.67	1.86	3.07	1.26	0.09	0.10	0.57	0.24	0.00	2.00	1.00	9.00	3.00	0.00	0.04	0.39	0.13	0.00	15.00	7.00	0.47	4.00	0.27	11.00	0.73	0.00	0.00	1.00	0.07	3.00	0.20	0.00	0.00	1.00	0.07	5.00	0.33	0.00	0.00	1.00	0.07	0.00	0.00	1.00	0.07	2.00	0.13	1.00	0.07	0.00	0.00	61.00	0.34	0.15	0.49	0.00	0.15	0.36	0.00	0.02	0.26	0.00	0.02	0.00	0.15	0.03	0.02	0.00
55	3	49.52	3.13	0.42	0.46	0.28	0.62	0.21	0.67	2.66	2.41	0.73	0.01	0.01	0.76	0.21	0.01	1.00	1.00	3.00	2.00	1.00	0.06	0.18	0.12	0.06	8.00	6.00	0.75	0.00	0.00	6.00	0.75	0.00	0.00	0.00	0.00	2.00	0.25	0.00	0.00	0.00	0.00	4.00	0.50	1.00	0.13	0.00	0.00	1.00	0.13	0.00	0.00	0.00	0.00	0.00	0.00	0.00	0.00	118.00	0.79	0.00	0.79	0.00	0.00	0.21	0.00	0.00	0.77	0.01	0.00	0.01	0.00	0.00	0.00	0.00
56	3	77.24	3.79	0.40	0.34	0.22	0.58	0.18	0.79	1.93	3.54	1.18	0.00	0.33	0.49	0.18	0.00	0.00	2.00	5.00	2.00	0.00	0.11	0.26	0.11	0.00	10.00	3.00	0.30	4.00	0.40	7.00	0.70	1.00	0.10	1.00	0.10	1.00	0.10	1.00	0.10	2.00	0.20	2.00	0.20	0.00	0.00	0.00	0.00	1.00	0.10	1.00	0.10	1.00	0.10	1.00	0.10	1.00	0.10	277.00	0.17	0.44	0.61	0.25	0.07	0.06	0.25	0.23	0.17	0.00	0.00	0.00	0.07	0.14	0.00	0.25
57	3	77.25	4.09	0.43	0.36	0.12	0.59	0.16	0.86	2.23	3.27	1.19	0.00	0.16	0.59	0.25	0.00	0.00	3.00	4.00	3.00	0.00	0.14	0.18	0.14	0.00	10.00	4.00	0.40	4.00	0.40	8.00	0.80	1.00	0.10	0.00	0.00	1.00	0.10	1.00	0.10	1.00	0.10	3.00	0.30	1.00	0.10	0.00	0.00	0.00	0.00	0.00	0.00	2.00	0.20	1.00	0.10	1.00	0.10	41.00	0.32	0.54	0.85	0.12	0.00	0.02	0.12	0.02	0.29	0.02	0.00	0.00	0.00	0.49	0.02	0.12
58	3	89.19	4.58	0.36	0.34	0.21	0.54	0.16	0.65	2.12	2.52	0.76	0.22	0.11	0.45	0.19	0.03	1.00	2.00	6.00	2.00	1.00	0.11	0.32	0.11	0.05	12.00	5.00	0.42	4.00	0.33	9.00	0.75	1.00	0.08	2.00	0.17	0.00	0.00	1.00	0.08	0.00	0.00	4.00	0.33	0.00	0.00	0.00	0.00	1.00	0.08	1.00	0.08	3.00	0.25	1.00	0.08	1.00	0.08	37.00	0.51	0.22	0.73	0.03	0.24	0.00	0.03	0.00	0.49	0.00	0.00	0.03	0.16	0.14	0.03	0.03
60	3	56.24	3.06	0.30	0.47	0.26	0.53	0.15	0.74	2.21	3.23	0.86	0.03	0.41	0.50	0.03	0.03	1.00	2.00	2.00	1.00	1.00	0.10	0.10	0.05	0.05	7.00	3.00	0.43	1.00	0.14	4.00	0.57	1.00	0.14	1.00	0.14	1.00	0.14	1.00	0.14	0.00	0.00	2.00	0.29	0.00	0.00	0.00	0.00	1.00	0.14	1.00	0.14	0.00	0.00	1.00	0.14	1.00	0.14	32.00	0.53	0.03	0.56	0.38	0.03	0.03	0.38	0.00	0.50	0.00	0.00	0.03	0.03	0.00	0.03	0.38
61	3	56.71	3.35	0.35	0.45	0.22	0.57	0.13	0.75	2.50	2.98	0.74	0.12	0.26	0.23	0.35	0.00	1.00	3.00	6.00	2.00	0.00	0.10	0.19	0.06	0.00	17.00	8.00	0.47	5.00	0.29	13.00	0.76	1.00	0.06	1.00	0.06	2.00	0.12	1.00	0.06	1.00	0.06	5.00	0.29	1.00	0.06	1.00	0.06	1.00	0.06	1.00	0.06	2.00	0.12	2.00	0.12	1.00	0.06	307.00	0.62	0.13	0.75	0.24	0.01	0.01	0.24	0.03	0.60	0.01	0.01	0.00	0.01	0.05	0.01	0.24
62	3	90.84	5.09	0.39	0.30	0.13	0.53	0.19	0.77	1.61	2.30	0.97	0.01	0.02	0.82	0.10	0.00	1.00	2.00	11.00	3.00	0.00	0.09	0.48	0.13	0.00	18.00	8.00	0.44	7.00	0.39	15.00	0.83	1.00	0.06	1.00	0.06	1.00	0.06	1.00	0.06	2.00	0.11	5.00	0.28	0.00	0.00	2.00	0.11	0.00	0.00	1.00	0.06	4.00	0.22	1.00	0.06	1.00	0.06	76.00	0.33	0.41	0.74	0.01	0.21	0.04	0.01	0.05	0.13	0.00	0.14	0.00	0.21	0.34	0.01	0.01
63	3	111.97	4.11	0.49	0.27	0.09	0.66	0.04	0.90	2.76	5.43	1.80	0.00	0.59	0.41	0.00	0.00	0.00	1.00	4.00	0.00	0.00	0.14	0.57	0.00	0.00	5.00	1.00	0.20	3.00	0.60	4.00	0.80	0.00	0.00	1.00	0.20	0.00	0.00	0.00	0.00	1.00	0.20	1.00	0.20	0.00	0.00	0.00	0.00	0.00	0.00	1.00	0.20	1.00	0.20	1.00	0.20	0.00	0.00	67.00	0.21	0.76	0.97	0.00	0.03	0.00	0.00	0.01	0.21	0.00	0.00	0.00	0.03	0.16	0.01	0.00
64	3	55.26	2.35	0.30	0.45	0.20	0.49	0.06	0.60	2.77	2.99	0.52	0.00	0.00	1.00	0.00	0.00	0.00	0.00	2.00	0.00	0.00	0.00	0.15	0.00	0.00	2.00	1.00	0.50	1.00	0.50	2.00	1.00	0.00	0.00	0.00	0.00	0.00	0.00	0.00	0.00	1.00	0.50	1.00	0.50	0.00	0.00	0.00	0.00	0.00	0.00	0.00	0.00	0.00	0.00	0.00	0.00	0.00	0.00	85.00	0.91	0.09	1.00	0.00	0.00	0.00	0.00	0.09	0.91	0.00	0.00	0.00	0.00	0.00	0.00	0.00
65	3	58.51	3.35	0.42	0.36	0.14	0.60	0.09	0.80	2.36	2.86	1.16	0.00	0.04	0.64	0.30	0.01	0.00	1.00	5.00	3.00	1.00	0.04	0.19	0.12	0.04	11.00	5.00	0.45	3.00	0.27	8.00	0.73	0.00	0.00	1.00	0.09	2.00	0.18	0.00	0.00	1.00	0.09	3.00	0.27	0.00	0.00	1.00	0.09	1.00	0.09	1.00	0.09	0.00	0.00	2.00	0.18	0.00	0.00	189.00	0.68	0.24	0.92	0.00	0.01	0.08	0.00	0.19	0.48	0.00	0.19	0.01	0.01	0.00	0.01	0.00
66	3	75.11	3.03	0.35	0.42	0.18	0.54	0.07	0.69	2.72	3.59	0.88	0.03	0.07	0.41	0.45	0.01	1.00	1.00	7.00	3.00	1.00	0.03	0.24	0.10	0.03	15.00	7.00	0.47	5.00	0.33	12.00	0.80	0.00	0.00	1.00	0.07	2.00	0.13	0.00	0.00	1.00	0.07	4.00	0.27	0.00	0.00	1.00	0.07	1.00	0.07	0.00	0.00	2.00	0.13	2.00	0.13	0.00	0.00	141.00	0.82	0.16	0.97	0.00	0.01	0.01	0.00	0.05	0.74	0.00	0.04	0.01	0.00	0.03	0.01	0.00
67	3	100.89	3.91	0.45	0.32	0.13	0.60	0.09	0.91	2.50	4.54	1.60	0.00	0.06	0.61	0.04	0.02	0.00	1.00	7.00	2.00	1.00	0.06	0.41	0.12	0.06	14.00	6.00	0.43	6.00	0.43	12.00	0.86	0.00	0.00	1.00	0.07	1.00	0.07	0.00	0.00	1.00	0.07	2.00	0.14	0.00	0.00	0.00	0.00	1.00	0.07	1.00	0.07	3.00	0.21	2.00	0.14	0.00	0.00	53.00	0.40	0.57	0.96	0.00	0.02	0.02	0.00	0.02	0.32	0.00	0.00	0.02	0.02	0.26	0.04	0.00
69	3	41.98	3.07	0.37	0.47	0.24	0.59	0.03	0.64	2.40	2.10	0.39	0.00	0.01	0.99	0.00	0.00	0.00	1.00	2.00	0.00	0.00	0.07	0.14	0.00	0.00	3.00	1.00	0.33	2.00	0.67	3.00	1.00	0.00	0.00	0.00	0.00	0.00	0.00	0.00	0.00	1.00	0.33	1.00	0.33	0.00	0.00	0.00	0.00	0.00	0.00	0.00	0.00	0.00	0.00	1.00	0.33	0.00	0.00	68.00	0.94	0.06	1.00	0.00	0.00	0.00	0.00	0.04	0.94	0.00	0.00	0.00	0.00	0.00	0.01	0.00
70	3	79.31	3.57	0.42	0.37	0.13	0.60	0.07	0.81	2.76	3.81	1.26	0.00	0.24	0.38	0.32	0.01	0.00	1.00	6.00	2.00	1.00	0.08	0.50	0.17	0.08	11.00	6.00	0.55	3.00	0.27	9.00	0.82	0.00	0.00	1.00	0.09	1.00	0.09	0.00	0.00	1.00	0.09	3.00	0.27	0.00	0.00	1.00	0.09	1.00	0.09	1.00	0.09	1.00	0.09	1.00	0.09	0.00	0.00	131.00	0.66	0.33	0.98	0.00	0.01	0.01	0.00	0.05	0.50	0.00	0.10	0.01	0.01	0.03	0.01	0.00
71	3	29.81	3.43	0.51	0.16	0.00	0.66	0.00	1.00	1.62	1.60	0.82	0.00	0.00	1.00	0.00	0.00	0.00	0.00	1.00	0.00	0.00	0.00	0.13	0.00	0.00	1.00	0.00	0.00	1.00	1.00	1.00	1.00	0.00	0.00	0.00	0.00	0.00	0.00	0.00	0.00	1.00	1.00	0.00	0.00	0.00	0.00	0.00	0.00	0.00	0.00	0.00	0.00	0.00	0.00	0.00	0.00	0.00	0.00	8.00	0.00	1.00	1.00	0.00	0.00	0.00	0.00	1.00	0.00	0.00	0.00	0.00	0.00	0.00	0.00	0.00
72	3	46.32	3.43	0.36	0.43	0.22	0.59	0.14	0.88	1.88	2.87	0.85	0.00	0.50	0.50	0.00	0.00	0.00	2.00	5.00	0.00	0.00	0.10	0.24	0.00	0.00	7.00	3.00	0.43	3.00	0.43	6.00	0.86	1.00	0.14	0.00	0.00	0.00	0.00	1.00	0.14	1.00	0.14	2.00	0.29	0.00	0.00	1.00	0.14	0.00	0.00	0.00	0.00	1.00	0.14	1.00	0.14	1.00	0.14	57.00	0.26	0.26	0.53	0.47	0.00	0.00	0.47	0.19	0.25	0.00	0.02	0.00	0.00	0.04	0.02	0.47
73	3	80.48	4.07	0.34	0.36	0.19	0.52	0.13	0.67	2.11	2.62	0.81	0.01	0.09	0.73	0.07	0.02	1.00	2.00	6.00	1.00	2.00	0.11	0.33	0.06	0.11	14.00	8.00	0.57	4.00	0.29	12.00	0.86	0.00	0.00	1.00	0.07	1.00	0.07	0.00	0.00	1.00	0.07	3.00	0.21	0.00	0.00	1.00	0.07	2.00	0.14	1.00	0.07	1.00	0.07	2.00	0.14	0.00	0.00	101.00	0.62	0.13	0.75	0.00	0.19	0.06	0.00	0.04	0.46	0.00	0.05	0.02	0.19	0.02	0.02	0.00
74	3	34.41	3.57	0.32	0.51	0.29	0.59	0.23	0.97	1.54	2.83	0.90	0.00	0.88	0.12	0.00	0.00	0.00	2.00	2.00	0.00	0.00	0.14	0.14	0.00	0.00	6.00	1.00	0.17	3.00	0.50	4.00	0.67	1.00	0.17	1.00	0.17	0.00	0.00	1.00	0.17	1.00	0.17	1.00	0.17	0.00	0.00	0.00	0.00	0.00	0.00	1.00	0.17	1.00	0.17	1.00	0.17	1.00	0.17	297.00	0.01	0.12	0.13	0.87	0.00	0.00	0.87	0.11	0.01	0.00	0.00	0.00	0.00	0.00	0.00	0.87
75	3	60.81	2.91	0.35	0.38	0.18	0.54	0.13	0.65	2.40	2.87	0.87	0.22	0.00	0.65	0.13	0.00	1.00	0.00	5.00	4.00	0.00	0.00	0.38	0.31	0.00	10.00	5.00	0.50	2.00	0.20	7.00	0.70	0.00	0.00	1.00	0.10	2.00	0.20	0.00	0.00	2.00	0.20	5.00	0.50	0.00	0.00	0.00	0.00	0.00	0.00	1.00	0.10	0.00	0.00	0.00	0.00	0.00	0.00	137.00	0.61	0.20	0.82	0.00	0.04	0.14	0.00	0.20	0.61	0.00	0.00	0.00	0.04	0.00	0.00	0.00
76	3	46.61	4.05	0.40	0.51	0.15	0.59	0.12	0.88	2.04	2.27	0.78	0.67	0.00	0.25	0.00	0.08	1.00	0.00	1.00	0.00	1.00	0.00	0.07	0.00	0.07	3.00	2.00	0.67	1.00	0.33	3.00	1.00	0.00	0.00	0.00	0.00	0.00	0.00	0.00	0.00	1.00	0.33	0.00	0.00	0.00	0.00	0.00	0.00	1.00	0.33	0.00	0.00	0.00	0.00	0.00	0.00	0.00	0.00	12.00	0.75	0.25	1.00	0.00	0.00	0.00	0.00	0.25	0.00	0.00	0.00	0.08	0.00	0.00	0.00	0.00
77	3	59.09	3.75	0.30	0.45	0.18	0.51	0.16	0.61	2.24	2.25	0.62	0.60	0.02	0.33	0.04	0.01	2.00	2.00	6.00	1.00	1.00	0.10	0.30	0.05	0.05	12.00	7.00	0.58	2.00	0.17	9.00	0.75	0.00	0.00	1.00	0.08	2.00	0.17	0.00	0.00	1.00	0.08	3.00	0.25	1.00	0.08	1.00	0.08	1.00	0.08	1.00	0.08	0.00	0.00	1.00	0.08	0.00	0.00	83.00	0.78	0.02	0.81	0.00	0.13	0.06	0.00	0.01	0.46	0.01	0.08	0.01	0.13	0.00	0.01	0.00
78	3	61.59	3.66	0.40	0.45	0.23	0.62	0.12	0.84	2.59	3.15	1.01	0.00	0.23	0.10	0.59	0.00	0.00	1.00	3.00	2.00	0.00	0.06	0.18	0.12	0.00	8.00	5.00	0.63	2.00	0.25	7.00	0.88	1.00	0.13	0.00	0.00	0.00	0.00	1.00	0.13	0.00	0.00	3.00	0.38	0.00	0.00	2.00	0.25	0.00	0.00	0.00	0.00	0.00	0.00	2.00	0.25	1.00	0.13	74.00	0.69	0.08	0.77	0.23	0.00	0.00	0.23	0.00	0.59	0.00	0.09	0.00	0.00	0.00	0.03	0.23
79	3	67.45	3.66	0.44	0.24	0.12	0.61	0.12	0.80	1.78	2.89	1.26	0.02	0.11	0.69	0.18	0.00	1.00	1.00	5.00	2.00	0.00	0.05	0.25	0.10	0.00	9.00	2.00	0.22	3.00	0.33	5.00	0.56	0.00	0.00	1.00	0.11	3.00	0.33	0.00	0.00	1.00	0.11	2.00	0.22	0.00	0.00	0.00	0.00	0.00	0.00	1.00	0.11	1.00	0.11	1.00	0.11	0.00	0.00	46.00	0.15	0.54	0.70	0.00	0.11	0.20	0.00	0.41	0.15	0.00	0.00	0.00	0.11	0.02	0.02	0.00
80	3	66.02	4.05	0.45	0.20	0.12	0.61	0.10	0.82	1.56	2.36	1.12	0.02	0.11	0.66	0.18	0.03	1.00	2.00	3.00	3.00	2.00	0.14	0.21	0.21	0.14	11.00	2.00	0.18	4.00	0.36	6.00	0.55	1.00	0.09	1.00	0.09	2.00	0.18	1.00	0.09	2.00	0.18	1.00	0.09	0.00	0.00	0.00	0.00	1.00	0.09	1.00	0.09	1.00	0.09	1.00	0.09	1.00	0.09	189.00	0.04	0.67	0.71	0.04	0.16	0.07	0.04	0.58	0.02	0.00	0.00	0.02	0.16	0.02	0.01	0.04
81	3	75.85	4.04	0.47	0.39	0.22	0.67	0.12	0.73	3.13	3.41	1.03	0.00	0.07	0.14	0.79	0.00	0.00	1.00	1.00	1.00	0.00	0.08	0.08	0.08	0.00	3.00	1.00	0.33	2.00	0.67	3.00	1.00	0.00	0.00	0.00	0.00	0.00	0.00	0.00	0.00	0.00	0.00	1.00	0.33	0.00	0.00	0.00	0.00	0.00	0.00	0.00	0.00	1.00	0.33	1.00	0.33	0.00	0.00	14.00	0.79	0.21	1.00	0.00	0.00	0.00	0.00	0.00	0.79	0.00	0.00	0.00	0.00	0.14	0.07	0.00
82	3	56.23	3.92	0.42	0.38	0.19	0.64	0.13	0.92	2.15	3.03	1.05	0.00	0.51	0.28	0.17	0.00	0.00	2.00	5.00	1.00	0.00	0.09	0.23	0.05	0.00	9.00	3.00	0.33	4.00	0.44	7.00	0.78	1.00	0.11	1.00	0.11	0.00	0.00	1.00	0.11	1.00	0.11	3.00	0.33	0.00	0.00	0.00	0.00	0.00	0.00	1.00	0.11	1.00	0.11	2.00	0.22	1.00	0.11	211.00	0.24	0.35	0.59	0.36	0.04	0.00	0.36	0.16	0.24	0.00	0.00	0.00	0.04	0.01	0.01	0.36
83	3	60.32	3.19	0.42	0.31	0.17	0.61	0.11	0.78	2.24	3.18	1.19	0.00	0.17	0.46	0.36	0.00	0.00	3.00	5.00	3.00	0.00	0.13	0.21	0.13	0.00	15.00	4.00	0.27	7.00	0.47	11.00	0.73	2.00	0.13	1.00	0.07	1.00	0.07	1.00	0.07	2.00	0.13	3.00	0.20	0.00	0.00	0.00	0.00	1.00	0.07	1.00	0.07	2.00	0.13	3.00	0.20	2.00	0.13	350.00	0.30	0.52	0.83	0.08	0.02	0.07	0.08	0.39	0.30	0.00	0.00	0.00	0.02	0.03	0.01	0.08
84	3	82.01	4.32	0.50	0.32	0.11	0.71	0.10	1.05	2.57	4.02	1.63	0.01	0.32	0.12	0.26	0.00	1.00	2.00	4.00	2.00	0.00	0.09	0.17	0.09	0.00	11.00	4.00	0.36	5.00	0.45	9.00	0.82	1.00	0.09	0.00	0.00	1.00	0.09	0.00	0.00	1.00	0.09	4.00	0.36	0.00	0.00	0.00	0.00	0.00	0.00	0.00	0.00	1.00	0.09	3.00	0.27	1.00	0.09	90.00	0.28	0.56	0.83	0.12	0.00	0.04	0.00	0.03	0.28	0.00	0.00	0.00	0.00	0.04	0.03	0.12
85	3	52.06	3.20	0.33	0.46	0.26	0.57	0.20	0.83	1.82	3.30	1.26	0.00	0.57	0.23	0.17	0.01	0.00	2.00	5.00	3.00	1.00	0.08	0.21	0.13	0.04	12.00	7.00	0.58	2.00	0.17	9.00	0.75	1.00	0.08	1.00	0.08	1.00	0.08	1.00	0.08	2.00	0.17	4.00	0.33	1.00	0.08	0.00	0.00	1.00	0.08	1.00	0.08	0.00	0.00	0.00	0.00	1.00	0.08	155.00	0.26	0.07	0.34	0.52	0.01	0.13	0.52	0.07	0.19	0.05	0.00	0.01	0.01	0.00	0.00	0.52
86	3	65.85	3.93	0.38	0.36	0.22	0.58	0.19	0.75	1.91	2.65	1.12	0.08	0.23	0.41	0.27	0.01	1.00	2.00	5.00	3.00	1.00	0.12	0.29	0.18	0.06	12.00	5.00	0.42	3.00	0.25	8.00	0.67	1.00	0.08	1.00	0.08	2.00	0.17	1.00	0.08	2.00	0.17	4.00	0.33	0.00	0.00	0.00	0.00	1.00	0.08	1.00	0.08	0.00	0.00	1.00	0.08	1.00	0.08	130.00	0.34	0.16	0.50	0.22	0.13	0.15	0.22	0.15	0.33	0.00	0.00	0.01	0.13	0.00	0.01	0.22
87	3	79.16	3.54	0.31	0.38	0.25	0.49	0.13	0.56	2.14	2.69	0.67	0.00	0.00	0.85	0.10	0.05	0.00	0.00	3.00	1.00	1.00	0.00	0.17	0.06	0.06	5.00	2.00	0.40	1.00	0.20	3.00	0.60	0.00	0.00	1.00	0.20	1.00	0.20	0.00	0.00	1.00	0.20	1.00	0.20	0.00	0.00	0.00	0.00	1.00	0.20	1.00	0.20	0.00	0.00	0.00	0.00	0.00	0.00	21.00	0.67	0.10	0.76	0.00	0.19	0.05	0.00	0.10	0.62	0.00	0.00	0.05	0.19	0.00	0.00	0.00
88	3	63.95	3.12	0.34	0.39	0.17	0.53	0.12	0.71	2.27	3.05	0.88	0.02	0.15	0.57	0.18	0.00	1.00	2.00	6.00	3.00	0.00	0.10	0.29	0.14	0.00	13.00	6.00	0.46	4.00	0.31	10.00	0.77	1.00	0.08	1.00	0.08	1.00	0.08	0.00	0.00	2.00	0.15	4.00	0.31	0.00	0.00	1.00	0.08	0.00	0.00	1.00	0.08	1.00	0.08	1.00	0.08	1.00	0.08	172.00	0.56	0.23	0.80	0.12	0.03	0.05	0.00	0.17	0.48	0.00	0.01	0.00	0.03	0.02	0.01	0.12
89	3	42.18	3.58	0.32	0.52	0.31	0.58	0.25	0.94	1.53	3.14	1.06	0.00	0.89	0.05	0.06	0.00	0.00	2.00	4.00	2.00	0.00	0.11	0.21	0.11	0.00	13.00	3.00	0.23	5.00	0.38	8.00	0.62	1.00	0.08	1.00	0.08	2.00	0.15	1.00	0.08	3.00	0.23	2.00	0.15	0.00	0.00	1.00	0.08	0.00	0.00	1.00	0.08	1.00	0.08	1.00	0.08	1.00	0.08	411.00	0.02	0.07	0.09	0.85	0.01	0.05	0.85	0.04	0.01	0.00	0.01	0.00	0.01	0.02	0.00	0.85
90	3	68.53	3.79	0.40	0.25	0.13	0.56	0.07	0.75	1.74	2.68	1.03	0.00	0.02	0.68	0.25	0.05	0.00	1.00	5.00	4.00	1.00	0.05	0.26	0.21	0.05	11.00	4.00	0.36	4.00	0.36	8.00	0.73	0.00	0.00	1.00	0.09	2.00	0.18	0.00	0.00	3.00	0.27	3.00	0.27	0.00	0.00	0.00	0.00	1.00	0.09	1.00	0.09	0.00	0.00	1.00	0.09	0.00	0.00	43.00	0.28	0.56	0.84	0.00	0.12	0.05	0.00	0.53	0.23	0.00	0.00	0.05	0.12	0.00	0.02	0.00
91	3	43.63	3.45	0.32	0.48	0.25	0.57	0.21	0.87	1.70	2.89	0.79	0.00	0.72	0.18	0.10	0.00	0.00	3.00	3.00	2.00	0.00	0.13	0.13	0.08	0.00	8.00	3.00	0.38	3.00	0.38	6.00	0.75	2.00	0.25	0.00	0.00	0.00	0.00	1.00	0.13	2.00	0.25	2.00	0.25	1.00	0.13	0.00	0.00	0.00	0.00	0.00	0.00	1.00	0.13	0.00	0.00	2.00	0.25	110.00	0.17	0.15	0.32	0.68	0.00	0.00	0.56	0.13	0.14	0.04	0.00	0.00	0.00	0.02	0.00	0.68
92	3	66.54	3.50	0.42	0.35	0.19	0.62	0.19	0.76	2.15	3.27	1.50	0.00	0.23	0.25	0.49	0.01	0.00	4.00	5.00	5.00	1.00	0.19	0.24	0.24	0.05	16.00	6.00	0.38	6.00	0.38	12.00	0.75	2.00	0.13	1.00	0.06	1.00	0.06	1.00	0.06	3.00	0.19	4.00	0.25	1.00	0.06	0.00	0.00	1.00	0.06	1.00	0.06	1.00	0.06	2.00	0.13	2.00	0.13	145.00	0.35	0.21	0.57	0.19	0.03	0.21	0.01	0.16	0.34	0.01	0.00	0.01	0.03	0.01	0.01	0.19
93	3	80.06	4.10	0.43	0.28	0.05	0.57	0.11	0.88	1.98	3.17	1.14	0.00	0.00	0.87	0.00	0.00	0.00	0.00	4.00	0.00	0.00	0.00	0.27	0.00	0.00	5.00	2.00	0.40	3.00	0.60	5.00	1.00	0.00	0.00	0.00	0.00	0.00	0.00	0.00	0.00	1.00	0.20	1.00	0.20	0.00	0.00	0.00	0.00	0.00	0.00	0.00	0.00	2.00	0.40	0.00	0.00	0.00	0.00	8.00	0.25	0.75	1.00	0.00	0.00	0.00	0.00	0.25	0.13	0.00	0.00	0.00	0.00	0.50	0.00	0.00
94	3	67.55	2.95	0.39	0.38	0.24	0.59	0.21	0.76	1.98	3.83	1.91	0.00	0.29	0.25	0.46	0.00	0.00	2.00	4.00	4.00	0.00	0.10	0.20	0.20	0.00	10.00	4.00	0.40	3.00	0.30	7.00	0.70	1.00	0.10	1.00	0.10	1.00	0.10	1.00	0.10	2.00	0.20	4.00	0.40	0.00	0.00	0.00	0.00	0.00	0.00	1.00	0.10	0.00	0.00	1.00	0.10	1.00	0.10	149.00	0.23	0.13	0.36	0.28	0.03	0.33	0.28	0.12	0.23	0.00	0.00	0.00	0.03	0.00	0.01	0.28
95	3	44.08	3.42	0.30	0.51	0.30	0.56	0.22	0.87	1.77	3.02	0.86	0.00	0.75	0.21	0.04	0.00	0.00	3.00	4.00	3.00	0.00	0.16	0.21	0.16	0.00	14.00	6.00	0.43	5.00	0.36	11.00	0.79	1.00	0.07	1.00	0.07	1.00	0.07	1.00	0.07	3.00	0.21	4.00	0.29	1.00	0.07	0.00	0.00	1.00	0.07	1.00	0.07	1.00	0.07	1.00	0.07	1.00	0.07	522.00	0.19	0.06	0.24	0.72	0.02	0.01	0.72	0.04	0.18	0.01	0.00	0.00	0.02	0.01	0.00	0.72
97	6	52.37	3.20	0.33	0.44	0.18	0.52	0.09	0.66	2.37	2.42	0.73	0.00	0.03	0.61	0.35	0.01	0.00	2.00	2.00	4.00	1.00	0.09	0.09	0.17	0.04	10.00	4.00	0.40	4.00	0.40	8.00	0.80	1.00	0.10	0.00	0.00	1.00	0.10	0.00	0.00	1.00	0.10	4.00	0.40	0.00	0.00	0.00	0.00	0.00	0.00	0.00	0.00	1.00	0.10	1.00	0.10	1.00	0.10	357.00	0.79	0.16	0.96	0.02	0.00	0.03	0.00	0.05	0.79	0.00	0.00	0.00	0.00	0.00	0.00	0.02
98	6	71.26	5.30	0.51	0.32	0.09	0.72	0.08	1.16	2.47	2.44	1.00	0.00	0.14	0.08	0.29	0.02	0.00	2.00	3.00	5.00	2.00	0.09	0.13	0.22	0.09	16.00	5.00	0.31	7.00	0.44	12.00	0.75	1.00	0.06	1.00	0.06	2.00	0.13	0.00	0.00	0.00	0.00	4.00	0.25	0.00	0.00	0.00	0.00	1.00	0.06	0.00	0.00	4.00	0.25	3.00	0.19	1.00	0.06	301.00	0.23	0.65	0.89	0.04	0.05	0.02	0.00	0.00	0.22	0.00	0.00	0.01	0.00	0.08	0.01	0.04
99	6	64.21	4.51	0.46	0.32	0.08	0.62	0.12	0.92	2.22	2.34	0.68	0.00	0.01	0.56	0.19	0.00	0.00	1.00	6.00	1.00	0.00	0.07	0.40	0.07	0.00	9.00	2.00	0.22	5.00	0.56	7.00	0.78	0.00	0.00	2.00	0.22	0.00	0.00	0.00	0.00	0.00	0.00	2.00	0.22	0.00	0.00	0.00	0.00	0.00	0.00	2.00	0.22	2.00	0.22	2.00	0.22	0.00	0.00	93.00	0.30	0.68	0.98	0.00	0.02	0.00	0.00	0.00	0.30	0.00	0.00	0.00	0.02	0.42	0.02	0.00
100	6	85.42	3.69	0.41	0.33	0.16	0.59	0.10	0.73	2.45	3.74	1.40	0.00	0.28	0.61	0.11	0.00	0.00	1.00	4.00	1.00	0.00	0.08	0.31	0.08	0.00	6.00	2.00	0.33	2.00	0.33	4.00	0.67	0.00	0.00	1.00	0.17	1.00	0.17	0.00	0.00	0.00	0.00	2.00	0.33	0.00	0.00	0.00	0.00	0.00	0.00	1.00	0.17	1.00	0.17	1.00	0.17	0.00	0.00	18.00	0.44	0.33	0.78	0.00	0.11	0.11	0.00	0.00	0.44	0.00	0.00	0.00	0.11	0.06	0.06	0.00
101	6	66.64	2.67	0.35	0.44	0.22	0.55	0.16	0.64	2.36	3.54	1.46	0.00	0.10	0.26	0.63	0.01	0.00	1.00	3.00	2.00	1.00	0.07	0.20	0.13	0.07	10.00	6.00	0.60	2.00	0.20	8.00	0.80	1.00	0.10	0.00	0.00	1.00	0.10	0.00	0.00	0.00	0.00	5.00	0.50	0.00	0.00	0.00	0.00	1.00	0.10	0.00	0.00	1.00	0.10	1.00	0.10	1.00	0.10	933.00	0.62	0.01	0.63	0.10	0.00	0.27	0.00	0.00	0.62	0.00	0.00	0.00	0.00	0.00	0.00	0.10
103	6	95.87	5.22	0.48	0.32	0.12	0.61	0.16	0.98	2.42	3.06	1.26	0.00	0.04	0.43	0.53	0.00	0.00	1.00	6.00	1.00	0.00	0.05	0.27	0.05	0.00	13.00	6.00	0.46	7.00	0.54	13.00	1.00	0.00	0.00	0.00	0.00	0.00	0.00	0.00	0.00	0.00	0.00	5.00	0.38	0.00	0.00	1.00	0.08	0.00	0.00	0.00	0.00	5.00	0.38	2.00	0.15	0.00	0.00	301.00	0.14	0.86	1.00	0.00	0.00	0.00	0.00	0.00	0.14	0.00	0.01	0.00	0.00	0.81	0.01	0.00
104	6	72.41	3.62	0.44	0.26	0.15	0.59	0.17	0.72	2.17	3.13	1.05	0.00	0.06	0.46	0.47	0.01	0.00	1.00	8.00	4.00	1.00	0.05	0.38	0.19	0.05	15.00	4.00	0.27	7.00	0.47	11.00	0.73	0.00	0.00	2.00	0.13	2.00	0.13	0.00	0.00	1.00	0.07	3.00	0.20	0.00	0.00	0.00	0.00	1.00	0.07	2.00	0.13	5.00	0.33	1.00	0.07	0.00	0.00	246.00	0.15	0.79	0.95	0.00	0.02	0.03	0.00	0.40	0.15	0.00	0.00	0.01	0.02	0.33	0.00	0.00
105	6	69.00	2.74	0.33	0.41	0.18	0.52	0.09	0.63	2.74	3.51	0.76	0.03	0.08	0.82	0.07	0.00	1.00	1.00	4.00	1.00	0.00	0.07	0.29	0.07	0.00	11.00	5.00	0.45	4.00	0.36	9.00	0.82	1.00	0.09	0.00	0.00	1.00	0.09	1.00	0.09	1.00	0.09	3.00	0.27	0.00	0.00	1.00	0.09	1.00	0.09	0.00	0.00	2.00	0.18	1.00	0.09	1.00	0.09	363.00	0.73	0.27	0.99	0.00	0.00	0.00	0.00	0.07	0.72	0.00	0.01	0.00	0.00	0.11	0.00	0.00
106	6	65.40	4.46	0.41	0.41	0.22	0.66	0.11	0.78	2.54	2.19	0.78	0.00	0.07	0.70	0.23	0.00	0.00	2.00	4.00	1.00	0.00	0.17	0.33	0.08	0.00	7.00	3.00	0.43	3.00	0.43	6.00	0.86	0.00	0.00	1.00	0.14	0.00	0.00	0.00	0.00	0.00	0.00	2.00	0.29	0.00	0.00	1.00	0.14	0.00	0.00	1.00	0.14	1.00	0.14	2.00	0.29	0.00	0.00	60.00	0.80	0.12	0.92	0.00	0.08	0.00	0.00	0.00	0.72	0.00	0.08	0.00	0.08	0.05	0.03	0.00
107	6	71.04	4.81	0.49	0.16	0.17	0.65	0.16	0.87	1.95	2.74	1.05	0.00	0.30	0.56	0.11	0.03	0.00	1.00	2.00	1.00	1.00	0.13	0.25	0.13	0.13	5.00	0.00	0.00	3.00	0.60	3.00	0.60	0.00	0.00	1.00	0.20	0.00	0.00	0.00	0.00	1.00	0.20	0.00	0.00	0.00	0.00	0.00	0.00	0.00	0.00	1.00	0.20	0.00	0.00	1.00	0.20	0.00	0.00	37.00	0.00	0.89	0.89	0.00	0.08	0.00	0.00	0.11	0.00	0.00	0.00	0.00	0.08	0.00	0.03	0.00
108	6	57.98	2.68	0.29	0.47	0.20	0.51	0.11	0.64	2.62	3.12	0.58	0.00	0.23	0.77	0.00	0.00	0.00	2.00	1.00	0.00	0.00	0.08	0.04	0.00	0.00	5.00	2.00	0.40	2.00	0.40	4.00	0.80	1.00	0.20	0.00	0.00	0.00	0.00	0.00	0.00	1.00	0.20	1.00	0.20	0.00	0.00	0.00	0.00	1.00	0.20	0.00	0.00	0.00	0.00	1.00	0.20	1.00	0.20	211.00	0.76	0.07	0.83	0.17	0.00	0.00	0.00	0.00	0.76	0.00	0.00	0.00	0.00	0.00	0.00	0.17
109	6	63.01	4.87	0.48	0.32	0.10	0.69	0.08	1.09	2.12	2.28	0.86	0.00	0.05	0.37	0.18	0.00	0.00	2.00	15.00	5.00	0.00	0.06	0.45	0.15	0.00	23.00	9.00	0.39	9.00	0.39	18.00	0.78	1.00	0.04	3.00	0.13	1.00	0.04	0.00	0.00	1.00	0.04	6.00	0.26	0.00	0.00	2.00	0.09	0.00	0.00	2.00	0.09	6.00	0.26	2.00	0.09	1.00	0.04	200.00	0.32	0.63	0.95	0.01	0.03	0.02	0.00	0.04	0.27	0.00	0.05	0.00	0.02	0.12	0.01	0.01
110	6	92.15	4.81	0.52	0.31	0.10	0.73	0.06	1.11	2.47	4.08	1.73	0.00	0.29	0.42	0.00	0.00	0.00	2.00	6.00	0.00	0.00	0.11	0.33	0.00	0.00	10.00	2.00	0.20	6.00	0.60	8.00	0.80	0.00	0.00	1.00	0.10	1.00	0.10	0.00	0.00	0.00	0.00	1.00	0.10	0.00	0.00	1.00	0.10	0.00	0.00	0.00	0.00	2.00	0.20	4.00	0.40	0.00	0.00	106.00	0.28	0.65	0.93	0.00	0.04	0.03	0.00	0.00	0.27	0.00	0.01	0.00	0.00	0.07	0.04	0.00
111	6	87.77	3.32	0.34	0.37	0.26	0.51	0.11	0.61	1.99	3.29	0.96	0.00	0.02	0.93	0.05	0.00	0.00	1.00	5.00	2.00	0.00	0.05	0.25	0.10	0.00	8.00	1.00	0.13	3.00	0.38	4.00	0.50	1.00	0.13	2.00	0.25	1.00	0.13	0.00	0.00	2.00	0.25	1.00	0.13	0.00	0.00	0.00	0.00	0.00	0.00	2.00	0.25	1.00	0.13	0.00	0.00	1.00	0.13	112.00	0.69	0.26	0.95	0.02	0.03	0.01	0.00	0.04	0.69	0.00	0.00	0.00	0.03	0.21	0.00	0.02
112	6	64.10	5.08	0.50	0.32	0.09	0.73	0.05	1.15	2.25	2.35	0.93	0.00	0.15	0.42	0.01	0.00	0.00	1.00	8.00	1.00	0.00	0.04	0.29	0.04	0.00	12.00	3.00	0.25	7.00	0.58	10.00	0.83	0.00	0.00	2.00	0.17	0.00	0.00	0.00	0.00	0.00	0.00	3.00	0.25	0.00	0.00	0.00	0.00	0.00	0.00	1.00	0.08	3.00	0.25	3.00	0.25	0.00	0.00	97.00	0.29	0.67	0.96	0.00	0.04	0.00	0.00	0.00	0.29	0.00	0.00	0.00	0.01	0.09	0.03	0.00
113	3	67.86	4.19	0.40	0.42	0.19	0.60	0.15	0.88	2.40	2.89	1.05	0.00	0.27	0.24	0.47	0.00	0.00	2.00	8.00	5.00	0.00	0.06	0.23	0.14	0.00	16.00	7.00	0.44	6.00	0.38	13.00	0.81	1.00	0.06	2.00	0.13	0.00	0.00	1.00	0.06	0.00	0.00	4.00	0.25	0.00	0.00	2.00	0.13	0.00	0.00	1.00	0.06	4.00	0.25	2.00	0.13	1.00	0.06	97.00	0.52	0.24	0.75	0.23	0.02	0.00	0.23	0.00	0.32	0.00	0.11	0.00	0.01	0.19	0.02	0.23
114	3	66.76	4.69	0.48	0.33	0.15	0.70	0.14	0.91	2.23	2.42	1.10	0.00	0.14	0.30	0.26	0.00	0.00	2.00	8.00	5.00	0.00	0.08	0.31	0.19	0.00	19.00	6.00	0.32	7.00	0.37	13.00	0.68	1.00	0.05	1.00	0.05	4.00	0.21	1.00	0.05	2.00	0.11	4.00	0.21	0.00	0.00	1.00	0.05	0.00	0.00	1.00	0.05	1.00	0.05	4.00	0.21	1.00	0.05	168.00	0.40	0.42	0.82	0.01	0.10	0.08	0.01	0.01	0.37	0.00	0.01	0.00	0.10	0.01	0.02	0.01
115	3	53.46	2.94	0.36	0.40	0.14	0.54	0.06	0.74	2.37	2.69	0.80	0.00	0.04	0.92	0.02	0.00	0.00	1.00	4.00	1.00	0.00	0.08	0.31	0.08	0.00	8.00	5.00	0.63	2.00	0.25	7.00	0.88	0.00	0.00	0.00	0.00	1.00	0.13	0.00	0.00	1.00	0.13	3.00	0.38	0.00	0.00	1.00	0.13	0.00	0.00	0.00	0.00	0.00	0.00	1.00	0.13	0.00	0.00	226.00	0.79	0.19	0.98	0.00	0.00	0.02	0.00	0.16	0.61	0.00	0.16	0.00	0.00	0.00	0.00	0.00
116	3	63.57	3.19	0.41	0.34	0.10	0.59	0.04	0.82	2.51	3.29	1.07	0.00	0.21	0.79	0.00	0.00	0.00	1.00	5.00	0.00	0.00	0.07	0.33	0.00	0.00	6.00	3.00	0.50	3.00	0.50	6.00	1.00	0.00	0.00	0.00	0.00	0.00	0.00	0.00	0.00	1.00	0.17	2.00	0.33	0.00	0.00	1.00	0.17	0.00	0.00	0.00	0.00	1.00	0.17	1.00	0.17	0.00	0.00	71.00	0.56	0.44	1.00	0.00	0.00	0.00	0.00	0.21	0.45	0.00	0.11	0.00	0.00	0.01	0.01	0.00
117	3	58.37	3.19	0.42	0.33	0.09	0.62	0.04	0.90	2.35	3.00	1.21	0.00	0.11	0.62	0.02	0.02	0.00	1.00	4.00	1.00	1.00	0.05	0.19	0.05	0.05	13.00	7.00	0.54	4.00	0.31	11.00	0.85	0.00	0.00	0.00	0.00	1.00	0.08	0.00	0.00	1.00	0.08	3.00	0.23	0.00	0.00	1.00	0.08	1.00	0.08	0.00	0.00	1.00	0.08	2.00	0.15	0.00	0.00	202.00	0.46	0.50	0.96	0.00	0.00	0.02	0.00	0.23	0.37	0.00	0.01	0.00	0.00	0.00	0.01	0.00
118	3	72.47	2.55	0.36	0.41	0.23	0.56	0.18	0.67	2.24	3.73	1.56	0.04	0.03	0.47	0.44	0.03	1.00	1.00	4.00	4.00	2.00	0.06	0.24	0.24	0.12	12.00	6.00	0.50	3.00	0.25	9.00	0.75	0.00	0.00	0.00	0.00	2.00	0.17	0.00	0.00	1.00	0.08	5.00	0.42	0.00	0.00	0.00	0.00	1.00	0.08	0.00	0.00	1.00	0.08	1.00	0.08	0.00	0.00	167.00	0.52	0.07	0.59	0.00	0.00	0.40	0.00	0.01	0.50	0.00	0.00	0.02	0.00	0.04	0.01	0.00
119	3	86.07	4.03	0.44	0.33	0.12	0.63	0.05	0.84	2.50	3.87	1.36	0.00	0.41	0.59	0.00	0.00	0.00	1.00	4.00	0.00	0.00	0.06	0.25	0.00	0.00	5.00	2.00	0.40	2.00	0.40	4.00	0.80	0.00	0.00	1.00	0.20	0.00	0.00	0.00	0.00	0.00	0.00	1.00	0.20	0.00	0.00	1.00	0.20	0.00	0.00	1.00	0.20	1.00	0.20	1.00	0.20	0.00	0.00	27.00	0.48	0.44	0.93	0.00	0.07	0.00	0.00	0.00	0.37	0.00	0.11	0.00	0.07	0.04	0.04	0.00
120	3	47.10	3.42	0.29	0.46	0.18	0.56	0.09	0.69	2.59	2.17	0.52	0.72	0.00	0.22	0.05	0.01	1.00	0.00	6.00	3.00	1.00	0.00	0.43	0.21	0.07	11.00	6.00	0.55	1.00	0.09	7.00	0.64	0.00	0.00	2.00	0.18	2.00	0.18	0.00	0.00	0.00	0.00	4.00	0.36	0.00	0.00	1.00	0.09	1.00	0.09	1.00	0.09	1.00	0.09	0.00	0.00	0.00	0.00	144.00	0.94	0.01	0.96	0.00	0.01	0.03	0.00	0.00	0.93	0.00	0.01	0.01	0.01	0.01	0.00	0.00
121	3	88.86	2.36	0.45	0.32	0.23	0.62	0.25	0.68	2.01	4.98	3.26	0.00	0.00	0.24	0.76	0.00	0.00	0.00	2.00	1.00	0.00	0.00	0.14	0.07	0.00	3.00	2.00	0.67	0.00	0.00	2.00	0.67	0.00	0.00	0.00	0.00	1.00	0.33	0.00	0.00	0.00	0.00	1.00	0.33	0.00	0.00	1.00	0.33	0.00	0.00	0.00	0.00	0.00	0.00	0.00	0.00	0.00	0.00	91.00	0.24	0.00	0.24	0.00	0.00	0.76	0.00	0.00	0.23	0.00	0.01	0.00	0.00	0.00	0.00	0.00
122	3	43.11	3.19	0.33	0.52	0.21	0.56	0.09	0.70	2.93	2.14	0.54	0.27	0.01	0.66	0.05	0.01	2.00	1.00	6.00	1.00	1.00	0.04	0.23	0.04	0.04	14.00	11.00	0.79	2.00	0.14	13.00	0.93	0.00	0.00	1.00	0.07	0.00	0.00	0.00	0.00	0.00	0.00	6.00	0.43	0.00	0.00	1.00	0.07	2.00	0.14	0.00	0.00	1.00	0.07	1.00	0.07	0.00	0.00	553.00	0.97	0.02	0.99	0.00	0.01	0.00	0.00	0.00	0.83	0.00	0.13	0.01	0.00	0.01	0.00	0.00
123	3	67.07	3.06	0.34	0.43	0.18	0.54	0.09	0.69	2.70	3.33	0.89	0.04	0.05	0.65	0.25	0.01	1.00	1.00	5.00	7.00	1.00	0.04	0.20	0.28	0.04	15.00	7.00	0.47	5.00	0.33	12.00	0.80	1.00	0.07	1.00	0.07	1.00	0.07	0.00	0.00	2.00	0.13	2.00	0.13	0.00	0.00	1.00	0.07	1.00	0.07	1.00	0.07	1.00	0.07	1.00	0.07	0.00	0.00	123.00	0.80	0.16	0.97	0.01	0.01	0.02	0.00	0.04	0.67	0.00	0.07	0.01	0.01	0.02	0.01	0.00
124	3	74.05	3.10	0.36	0.45	0.23	0.56	0.08	0.65	2.92	3.50	0.84	0.00	0.07	0.05	0.88	0.00	0.00	2.00	3.00	5.00	0.00	0.13	0.19	0.31	0.00	13.00	7.00	0.54	4.00	0.31	11.00	0.85	0.00	0.00	1.00	0.08	1.00	0.08	0.00	0.00	1.00	0.08	5.00	0.38	1.00	0.08	1.00	0.08	0.00	0.00	1.00	0.08	1.00	0.08	2.00	0.15	0.00	0.00	208.00	0.93	0.03	0.96	0.00	0.01	0.03	0.00	0.01	0.84	0.06	0.03	0.00	0.01	0.00	0.01	0.00
125	3	63.41	4.03	0.40	0.39	0.23	0.58	0.12	0.68	1.98	2.29	0.51	0.00	0.08	0.90	0.02	0.00	0.00	1.00	4.00	1.00	0.00	0.09	0.36	0.09	0.00	6.00	3.00	0.50	2.00	0.33	5.00	0.83	1.00	0.17	0.00	0.00	0.00	0.00	1.00	0.17	0.00	0.00	2.00	0.33	0.00	0.00	1.00	0.17	0.00	0.00	0.00	0.00	1.00	0.17	0.00	0.00	1.00	0.17	122.00	0.63	0.29	0.92	0.08	0.00	0.00	0.08	0.00	0.59	0.00	0.04	0.00	0.00	0.02	0.00	0.08
128	3	101.63	3.41	0.48	0.30	0.15	0.67	0.09	0.85	2.87	5.35	2.30	0.00	0.42	0.00	0.53	0.05	0.00	1.00	0.00	3.00	1.00	0.03	0.00	0.10	0.03	5.00	3.00	0.60	1.00	0.20	4.00	0.80	0.00	0.00	0.00	0.00	1.00	0.20	0.00	0.00	0.00	0.00	2.00	0.40	0.00	0.00	0.00	0.00	1.00	0.20	0.00	0.00	0.00	0.00	1.00	0.20	0.00	0.00	19.00	0.37	0.42	0.79	0.00	0.00	0.21	0.00	0.00	0.32	0.00	0.00	0.05	0.00	0.00	0.05	0.00
129	3	71.78	3.26	0.35	0.41	0.20	0.53	0.13	0.67	2.40	2.95	1.01	0.02	0.07	0.69	0.19	0.02	2.00	3.00	10.00	6.00	2.00	0.08	0.27	0.16	0.05	25.00	13.00	0.52	5.00	0.20	18.00	0.72	1.00	0.04	2.00	0.08	4.00	0.16	0.00	0.00	0.00	0.00	7.00	0.28	1.00	0.04	1.00	0.04	1.00	0.04	2.00	0.08	3.00	0.12	2.00	0.08	1.00	0.04	155.00	0.66	0.15	0.81	0.01	0.07	0.12	0.00	0.00	0.59	0.01	0.02	0.01	0.07	0.09	0.01	0.01
130	5	68.16	3.22	0.37	0.38	0.18	0.56	0.13	0.71	2.44	3.45	0.89	0.03	0.21	0.54	0.21	0.00	1.00	3.00	5.00	3.00	0.00	0.12	0.20	0.12	0.00	15.00	8.00	0.53	4.00	0.27	12.00	0.80	2.00	0.13	0.00	0.00	0.00	0.00	1.00	0.07	1.00	0.07	6.00	0.40	0.00	0.00	1.00	0.07	1.00	0.07	0.00	0.00	2.00	0.13	1.00	0.07	2.00	0.13	593.00	0.46	0.40	0.86	0.14	0.00	0.00	0.10	0.13	0.45	0.00	0.00	0.00	0.00	0.19	0.00	0.14
131	5	54.84	4.20	0.46	0.34	0.12	0.65	0.14	0.86	2.23	2.28	0.67	0.00	0.01	0.36	0.37	0.01	0.00	1.00	5.00	5.00	1.00	0.05	0.24	0.24	0.05	20.00	10.00	0.50	5.00	0.25	15.00	0.75	1.00	0.05	2.00	0.10	1.00	0.05	0.00	0.00	1.00	0.05	7.00	0.35	1.00	0.05	1.00	0.05	0.00	0.00	1.00	0.05	3.00	0.15	1.00	0.05	1.00	0.05	1110.00	0.38	0.59	0.98	0.01	0.00	0.00	0.00	0.07	0.36	0.00	0.02	0.00	0.00	0.29	0.00	0.01
132	5	108.72	4.65	0.49	0.23	0.06	0.62	0.16	0.85	2.22	4.34	1.39	0.00	0.26	0.71	0.03	0.00	0.00	2.00	5.00	1.00	0.00	0.13	0.31	0.06	0.00	8.00	0.00	0.00	6.00	0.75	6.00	0.75	0.00	0.00	1.00	0.13	1.00	0.13	0.00	0.00	1.00	0.13	0.00	0.00	0.00	0.00	0.00	0.00	0.00	0.00	0.00	0.00	3.00	0.38	2.00	0.25	0.00	0.00	35.00	0.00	0.94	0.94	0.00	0.03	0.03	0.00	0.03	0.00	0.00	0.00	0.00	0.00	0.66	0.06	0.00
133	5	67.13	2.67	0.39	0.35	0.23	0.59	0.13	0.62	2.47	3.80	1.10	0.00	0.02	0.45	0.51	0.02	0.00	2.00	2.00	3.00	1.00	0.08	0.08	0.13	0.04	10.00	3.00	0.30	4.00	0.40	7.00	0.70	1.00	0.10	1.00	0.10	1.00	0.10	1.00	0.10	2.00	0.20	2.00	0.20	0.00	0.00	0.00	0.00	1.00	0.10	1.00	0.10	1.00	0.10	1.00	0.10	1.00	0.10	279.00	0.61	0.33	0.94	0.01	0.00	0.05	0.01	0.29	0.59	0.00	0.00	0.02	0.00	0.03	0.00	0.01
134	5	59.86	3.15	0.30	0.43	0.21	0.50	0.13	0.58	2.54	2.30	0.55	0.36	0.00	0.59	0.04	0.01	2.00	0.00	12.00	1.00	1.00	0.00	0.41	0.03	0.03	16.00	10.00	0.63	2.00	0.13	12.00	0.75	0.00	0.00	3.00	0.19	1.00	0.06	0.00	0.00	1.00	0.06	7.00	0.44	0.00	0.00	1.00	0.06	1.00	0.06	1.00	0.06	1.00	0.06	0.00	0.00	0.00	0.00	110.00	0.84	0.05	0.88	0.00	0.11	0.01	0.00	0.04	0.80	0.00	0.01	0.01	0.05	0.01	0.00	0.00
135	5	60.38	3.48	0.41	0.45	0.25	0.60	0.14	0.72	2.84	2.78	0.76	0.03	0.14	0.79	0.03	0.01	2.00	2.00	7.00	1.00	1.00	0.07	0.26	0.04	0.04	13.00	7.00	0.54	3.00	0.23	10.00	0.77	1.00	0.08	1.00	0.08	1.00	0.08	0.00	0.00	1.00	0.08	5.00	0.38	0.00	0.00	0.00	0.00	1.00	0.08	1.00	0.08	1.00	0.08	1.00	0.08	1.00	0.08	175.00	0.77	0.15	0.93	0.03	0.03	0.01	0.00	0.03	0.74	0.00	0.00	0.01	0.03	0.01	0.01	0.03
136	5	86.86	4.89	0.49	0.31	0.12	0.66	0.10	1.00	2.63	3.30	1.23	0.00	0.29	0.27	0.35	0.00	0.00	2.00	6.00	3.00	0.00	0.07	0.21	0.11	0.00	15.00	3.00	0.20	11.00	0.73	14.00	0.93	0.00	0.00	1.00	0.07	0.00	0.00	0.00	0.00	0.00	0.00	3.00	0.20	0.00	0.00	0.00	0.00	0.00	0.00	1.00	0.07	6.00	0.40	5.00	0.33	0.00	0.00	240.00	0.27	0.70	0.97	0.00	0.03	0.00	0.00	0.00	0.27	0.00	0.00	0.00	0.03	0.30	0.02	0.00
138	5	75.68	3.27	0.37	0.41	0.20	0.55	0.10	0.69	2.68	3.53	0.86	0.00	0.12	0.58	0.29	0.01	0.00	3.00	5.00	5.00	1.00	0.13	0.21	0.21	0.04	14.00	6.00	0.43	5.00	0.36	11.00	0.79	1.00	0.07	1.00	0.07	1.00	0.07	1.00	0.07	0.00	0.00	5.00	0.36	0.00	0.00	0.00	0.00	1.00	0.07	1.00	0.07	3.00	0.21	2.00	0.14	1.00	0.07	187.00	0.70	0.25	0.95	0.04	0.01	0.01	0.04	0.00	0.69	0.00	0.00	0.01	0.01	0.17	0.01	0.04
140	4	68.63	4.92	0.48	0.28	0.06	0.61	0.19	0.88	2.10	2.00	0.81	0.00	0.00	0.76	0.19	0.00	0.00	0.00	6.00	3.00	0.00	0.00	0.33	0.17	0.00	17.00	4.00	0.24	9.00	0.53	13.00	0.76	1.00	0.06	3.00	0.18	0.00	0.00	0.00	0.00	2.00	0.12	3.00	0.18	0.00	0.00	1.00	0.06	0.00	0.00	1.00	0.06	4.00	0.24	2.00	0.12	1.00	0.06	204.00	0.17	0.79	0.96	0.00	0.03	0.00	0.00	0.01	0.11	0.00	0.06	0.00	0.02	0.69	0.01	0.00
141	4	42.79	3.33	0.29	0.45	0.18	0.54	0.20	0.72	2.06	2.24	0.46	0.27	0.43	0.29	0.00	0.02	1.00	1.00	5.00	0.00	1.00	0.06	0.31	0.00	0.06	16.00	10.00	0.63	2.00	0.13	12.00	0.75	2.00	0.13	2.00	0.13	0.00	0.00	1.00	0.06	1.00	0.06	7.00	0.44	1.00	0.06	0.00	0.00	1.00	0.06	1.00	0.06	1.00	0.06	0.00	0.00	2.00	0.13	478.00	0.46	0.11	0.57	0.42	0.00	0.00	0.00	0.10	0.44	0.00	0.00	0.02	0.00	0.01	0.00	0.42
142	4	55.78	2.88	0.32	0.43	0.24	0.52	0.13	0.64	2.34	2.88	0.63	0.00	0.17	0.57	0.25	0.01	0.00	1.00	3.00	3.00	1.00	0.05	0.14	0.14	0.05	8.00	2.00	0.25	3.00	0.38	5.00	0.63	1.00	0.13	1.00	0.13	0.00	0.00	1.00	0.13	1.00	0.13	2.00	0.25	0.00	0.00	0.00	0.00	0.00	0.00	1.00	0.13	2.00	0.25	0.00	0.00	1.00	0.13	158.00	0.60	0.17	0.77	0.17	0.05	0.00	0.17	0.16	0.60	0.00	0.00	0.00	0.05	0.01	0.00	0.17
143	4	76.85	4.39	0.45	0.29	0.08	0.58	0.19	0.75	2.21	2.61	0.79	0.00	0.01	0.82	0.17	0.00	0.00	1.00	11.00	2.00	0.00	0.04	0.46	0.08	0.00	14.00	6.00	0.43	4.00	0.29	10.00	0.71	0.00	0.00	3.00	0.21	1.00	0.07	0.00	0.00	1.00	0.07	3.00	0.21	0.00	0.00	1.00	0.07	0.00	0.00	1.00	0.07	2.00	0.14	1.00	0.07	0.00	0.00	170.00	0.29	0.66	0.95	0.00	0.05	0.01	0.00	0.02	0.19	0.00	0.02	0.00	0.01	0.64	0.01	0.00
144	4	55.80	3.60	0.44	0.42	0.21	0.62	0.14	0.75	2.80	2.48	0.69	0.00	0.10	0.72	0.16	0.00	0.00	3.00	4.00	2.00	0.00	0.12	0.15	0.08	0.00	14.00	6.00	0.43	5.00	0.36	11.00	0.79	1.00	0.07	1.00	0.07	1.00	0.07	0.00	0.00	1.00	0.07	5.00	0.36	0.00	0.00	0.00	0.00	0.00	0.00	1.00	0.07	2.00	0.14	2.00	0.14	1.00	0.07	294.00	0.72	0.26	0.99	0.01	0.00	0.00	0.00	0.03	0.71	0.00	0.00	0.00	0.00	0.14	0.01	0.01
145	2	48.80	3.19	0.34	0.46	0.21	0.56	0.14	0.67	2.77	2.56	0.69	0.36	0.14	0.27	0.22	0.01	2.00	2.00	8.00	3.00	1.00	0.10	0.38	0.14	0.05	16.00	11.00	0.69	2.00	0.13	13.00	0.81	1.00	0.06	1.00	0.06	1.00	0.06	1.00	0.06	1.00	0.06	8.00	0.50	1.00	0.06	1.00	0.06	1.00	0.06	0.00	0.00	1.00	0.06	0.00	0.00	1.00	0.06	173.00	0.83	0.02	0.85	0.13	0.01	0.02	0.13	0.01	0.77	0.01	0.05	0.01	0.00	0.01	0.00	0.13
146	2	41.51	3.40	0.34	0.46	0.25	0.59	0.18	0.92	1.81	2.96	0.91	0.00	0.68	0.32	0.00	0.00	0.00	2.00	3.00	0.00	0.00	0.14	0.21	0.00	0.00	6.00	3.00	0.50	2.00	0.33	5.00	0.83	1.00	0.17	0.00	0.00	0.00	0.00	1.00	0.17	1.00	0.17	3.00	0.50	0.00	0.00	0.00	0.00	0.00	0.00	0.00	0.00	0.00	0.00	1.00	0.17	1.00	0.17	243.00	0.17	0.21	0.37	0.63	0.00	0.00	0.63	0.16	0.17	0.00	0.00	0.00	0.00	0.00	0.00	0.63
147	2	56.02	4.26	0.51	0.36	0.08	0.69	0.08	0.98	2.45	2.32	1.05	0.00	0.32	0.28	0.31	0.00	0.00	1.00	6.00	1.00	0.00	0.05	0.27	0.05	0.00	12.00	7.00	0.58	5.00	0.42	12.00	1.00	0.00	0.00	0.00	0.00	0.00	0.00	0.00	0.00	2.00	0.17	4.00	0.33	0.00	0.00	1.00	0.08	1.00	0.08	0.00	0.00	2.00	0.17	1.00	0.08	0.00	0.00	405.00	0.55	0.45	1.00	0.00	0.00	0.00	0.00	0.02	0.34	0.00	0.11	0.00	0.00	0.11	0.00	0.00
148	2	55.37	2.97	0.37	0.47	0.25	0.56	0.14	0.65	2.85	2.80	0.66	0.01	0.05	0.91	0.03	0.00	1.00	4.00	6.00	2.00	0.00	0.19	0.29	0.10	0.00	16.00	10.00	0.63	3.00	0.19	13.00	0.81	1.00	0.06	0.00	0.00	2.00	0.13	0.00	0.00	1.00	0.06	6.00	0.38	2.00	0.13	0.00	0.00	1.00	0.06	0.00	0.00	1.00	0.06	1.00	0.06	1.00	0.06	389.00	0.94	0.04	0.98	0.01	0.00	0.01	0.00	0.02	0.92	0.02	0.00	0.00	0.00	0.01	0.00	0.01
149	2	51.68	3.23	0.41	0.46	0.26	0.60	0.15	0.69	2.94	2.46	0.58	0.01	0.03	0.93	0.03	0.00	1.00	1.00	5.00	1.00	0.00	0.05	0.23	0.05	0.00	13.00	7.00	0.54	5.00	0.38	12.00	0.92	0.00	0.00	0.00	0.00	1.00	0.08	0.00	0.00	2.00	0.15	5.00	0.38	1.00	0.08	0.00	0.00	1.00	0.08	0.00	0.00	2.00	0.15	1.00	0.08	0.00	0.00	287.00	0.89	0.11	1.00	0.00	0.00	0.00	0.00	0.05	0.88	0.00	0.00	0.00	0.00	0.03	0.00	0.00
150	1	75.59	3.28	0.37	0.42	0.18	0.57	0.08	0.73	2.60	3.62	1.04	0.00	0.08	0.58	0.28	0.00	0.00	2.00	7.00	4.00	0.00	0.08	0.29	0.17	0.00	18.00	8.00	0.44	7.00	0.39	15.00	0.83	0.00	0.00	1.00	0.06	1.00	0.06	0.00	0.00	1.00	0.06	5.00	0.28	0.00	0.00	2.00	0.11	0.00	0.00	1.00	0.06	3.00	0.17	3.00	0.17	0.00	0.00	203.00	0.71	0.26	0.98	0.00	0.01	0.01	0.00	0.08	0.65	0.00	0.01	0.00	0.01	0.09	0.01	0.00
151	1	59.67	3.53	0.36	0.46	0.24	0.62	0.09	0.71	2.59	2.55	0.75	0.00	0.01	0.87	0.08	0.04	0.00	1.00	6.00	2.00	1.00	0.05	0.29	0.10	0.05	9.00	5.00	0.56	2.00	0.22	7.00	0.78	0.00	0.00	1.00	0.11	1.00	0.11	0.00	0.00	0.00	0.00	4.00	0.44	0.00	0.00	0.00	0.00	1.00	0.11	1.00	0.11	1.00	0.11	1.00	0.11	0.00	0.00	94.00	0.89	0.05	0.95	0.00	0.03	0.02	0.00	0.03	0.85	0.00	0.00	0.04	0.03	0.01	0.01	0.00
152	1	59.77	3.21	0.40	0.39	0.19	0.59	0.07	0.72	2.63	2.91	0.76	0.00	0.00	0.54	0.46	0.00	0.00	0.00	6.00	5.00	0.00	0.00	0.22	0.19	0.00	11.00	7.00	0.64	2.00	0.18	9.00	0.82	0.00	0.00	0.00	0.00	2.00	0.18	0.00	0.00	1.00	0.09	7.00	0.64	0.00	0.00	0.00	0.00	0.00	0.00	0.00	0.00	1.00	0.09	0.00	0.00	0.00	0.00	185.00	0.74	0.25	0.99	0.00	0.00	0.01	0.00	0.21	0.74	0.00	0.00	0.00	0.00	0.04	0.00	0.00
154	1	74.35	3.78	0.42	0.41	0.22	0.62	0.13	0.72	2.80	3.39	0.95	0.01	0.06	0.41	0.52	0.00	1.00	2.00	9.00	4.00	0.00	0.07	0.32	0.14	0.00	16.00	11.00	0.69	3.00	0.19	14.00	0.88	1.00	0.06	0.00	0.00	1.00	0.06	1.00	0.06	0.00	0.00	8.00	0.50	0.00	0.00	2.00	0.13	0.00	0.00	0.00	0.00	2.00	0.13	1.00	0.06	1.00	0.06	171.00	0.76	0.19	0.95	0.04	0.00	0.02	0.04	0.00	0.73	0.00	0.02	0.00	0.00	0.16	0.01	0.04
155	1	62.66	3.23	0.35	0.45	0.20	0.56	0.09	0.69	2.76	2.96	0.71	0.00	0.02	0.62	0.36	0.00	0.00	2.00	7.00	3.00	0.00	0.10	0.35	0.15	0.00	13.00	9.00	0.69	3.00	0.23	12.00	0.92	1.00	0.08	0.00	0.00	0.00	0.00	1.00	0.08	0.00	0.00	5.00	0.38	0.00	0.00	3.00	0.23	0.00	0.00	0.00	0.00	2.00	0.15	1.00	0.08	1.00	0.08	215.00	0.91	0.08	0.99	0.01	0.00	0.00	0.01	0.00	0.81	0.00	0.09	0.00	0.00	0.07	0.00	0.01
156	1	53.85	3.18	0.33	0.48	0.26	0.56	0.12	0.74	2.19	3.04	0.68	0.00	0.35	0.54	0.11	0.00	0.00	2.00	4.00	2.00	0.00	0.13	0.25	0.13	0.00	8.00	4.00	0.50	3.00	0.38	7.00	0.88	1.00	0.13	0.00	0.00	0.00	0.00	1.00	0.13	1.00	0.13	4.00	0.50	0.00	0.00	0.00	0.00	0.00	0.00	0.00	0.00	1.00	0.13	1.00	0.13	1.00	0.13	146.00	0.58	0.09	0.66	0.34	0.00	0.00	0.34	0.03	0.58	0.00	0.00	0.00	0.00	0.05	0.01	0.34
157	1	48.18	3.23	0.42	0.32	0.12	0.62	0.05	0.83	2.21	2.44	0.82	0.00	0.01	0.94	0.04	0.01	0.00	1.00	4.00	2.00	1.00	0.05	0.19	0.10	0.05	13.00	7.00	0.54	4.00	0.31	11.00	0.85	0.00	0.00	0.00	0.00	2.00	0.15	0.00	0.00	1.00	0.08	7.00	0.54	0.00	0.00	0.00	0.00	0.00	0.00	0.00	0.00	1.00	0.08	2.00	0.15	0.00	0.00	291.00	0.48	0.48	0.96	0.00	0.00	0.04	0.00	0.46	0.48	0.00	0.00	0.00	0.00	0.01	0.01	0.00
159	1	64.31	4.05	0.43	0.32	0.13	0.62	0.08	0.83	2.04	2.38	0.83	0.00	0.02	0.82	0.14	0.02	0.00	1.00	8.00	3.00	1.00	0.03	0.24	0.09	0.03	12.00	7.00	0.58	4.00	0.33	11.00	0.92	0.00	0.00	1.00	0.08	0.00	0.00	0.00	0.00	1.00	0.08	5.00	0.42	0.00	0.00	1.00	0.08	1.00	0.08	1.00	0.08	2.00	0.17	1.00	0.08	0.00	0.00	64.00	0.45	0.47	0.92	0.00	0.08	0.00	0.00	0.34	0.39	0.00	0.05	0.02	0.02	0.11	0.02	0.00
160	1	66.21	3.90	0.43	0.42	0.22	0.65	0.10	0.75	2.87	2.96	0.90	0.00	0.07	0.36	0.55	0.01	0.00	4.00	9.00	5.00	1.00	0.12	0.27	0.15	0.03	18.00	11.00	0.61	6.00	0.33	17.00	0.94	1.00	0.06	0.00	0.00	0.00	0.00	1.00	0.06	1.00	0.06	6.00	0.33	1.00	0.06	1.00	0.06	1.00	0.06	0.00	0.00	3.00	0.17	2.00	0.11	1.00	0.06	156.00	0.84	0.14	0.98	0.01	0.01	0.00	0.01	0.02	0.79	0.01	0.01	0.01	0.00	0.08	0.01	0.01
163	1	87.54	4.13	0.42	0.37	0.17	0.63	0.10	0.80	2.88	3.78	1.09	0.00	0.19	0.54	0.24	0.00	0.00	1.00	6.00	5.00	0.00	0.06	0.33	0.28	0.00	13.00	7.00	0.54	6.00	0.46	13.00	1.00	0.00	0.00	0.00	0.00	0.00	0.00	0.00	0.00	0.00	0.00	6.00	0.46	0.00	0.00	0.00	0.00	0.00	0.00	0.00	0.00	3.00	0.23	2.00	0.15	0.00	0.00	32.00	0.59	0.41	1.00	0.00	0.00	0.00	0.00	0.00	0.56	0.00	0.00	0.00	0.00	0.16	0.06	0.00
168	1	42.16	3.58	0.44	0.28	0.04	0.60	0.03	0.96	1.82	1.87	0.89	0.00	0.00	0.92	0.08	0.00	0.00	0.00	4.00	1.00	0.00	0.00	0.67	0.17	0.00	5.00	4.00	0.80	1.00	0.20	5.00	1.00	0.00	0.00	0.00	0.00	0.00	0.00	0.00	0.00	1.00	0.20	2.00	0.40	0.00	0.00	2.00	0.40	0.00	0.00	0.00	0.00	0.00	0.00	0.00	0.00	0.00	0.00	13.00	0.46	0.54	1.00	0.00	0.00	0.00	0.00	0.54	0.15	0.00	0.31	0.00	0.00	0.00	0.00	0.00
169	1	85.77	2.73	0.31	0.47	0.25	0.51	0.05	0.61	2.96	4.07	0.70	0.00	0.00	0.00	1.00	0.00	0.00	0.00	0.00	1.00	0.00	0.00	0.00	0.20	0.00	1.00	1.00	1.00	0.00	0.00	1.00	1.00	0.00	0.00	0.00	0.00	0.00	0.00	0.00	0.00	0.00	0.00	1.00	1.00	0.00	0.00	0.00	0.00	0.00	0.00	0.00	0.00	0.00	0.00	0.00	0.00	0.00	0.00	1.00	1.00	0.00	1.00	0.00	0.00	0.00	0.00	0.00	1.00	0.00	0.00	0.00	0.00	0.00	0.00	0.00
170	1	74.47	3.03	0.34	0.46	0.24	0.54	0.05	0.61	2.61	3.46	0.60	0.00	0.00	0.55	0.45	0.00	0.00	0.00	2.00	2.00	0.00	0.00	0.20	0.20	0.00	4.00	3.00	0.75	1.00	0.25	4.00	1.00	0.00	0.00	0.00	0.00	0.00	0.00	0.00	0.00	0.00	0.00	3.00	0.75	0.00	0.00	0.00	0.00	0.00	0.00	0.00	0.00	1.00	0.25	0.00	0.00	0.00	0.00	31.00	0.90	0.10	1.00	0.00	0.00	0.00	0.00	0.00	0.90	0.00	0.00	0.00	0.00	0.10	0.00	0.00
171	1	82.41	3.93	0.34	0.42	0.25	0.55	0.20	0.82	1.70	3.71	0.96	0.00	0.48	0.52	0.00	0.00	0.00	1.00	5.00	0.00	0.00	0.05	0.26	0.00	0.00	6.00	2.00	0.33	2.00	0.33	4.00	0.67	1.00	0.17	1.00	0.17	0.00	0.00	1.00	0.17	1.00	0.17	2.00	0.33	0.00	0.00	0.00	0.00	0.00	0.00	1.00	0.17	1.00	0.17	0.00	0.00	1.00	0.17	31.00	0.16	0.29	0.45	0.48	0.06	0.00	0.48	0.06	0.16	0.00	0.00	0.00	0.06	0.23	0.00	0.48
172	1	58.11	3.27	0.37	0.47	0.24	0.59	0.09	0.71	2.70	2.98	0.71	0.00	0.17	0.37	0.46	0.00	0.00	2.00	7.00	4.00	0.00	0.09	0.32	0.18	0.00	13.00	9.00	0.69	3.00	0.23	12.00	0.92	1.00	0.08	0.00	0.00	0.00	0.00	1.00	0.08	0.00	0.00	8.00	0.62	0.00	0.00	1.00	0.08	0.00	0.00	0.00	0.00	2.00	0.15	1.00	0.08	1.00	0.08	196.00	0.82	0.07	0.89	0.11	0.00	0.00	0.11	0.00	0.81	0.00	0.01	0.00	0.00	0.02	0.01	0.11
173	1	58.11	3.50	0.39	0.41	0.18	0.61	0.07	0.77	2.57	2.56	0.76	0.00	0.00	0.51	0.49	0.00	0.00	0.00	7.00	2.00	0.00	0.00	0.33	0.10	0.00	9.00	7.00	0.78	1.00	0.11	8.00	0.89	0.00	0.00	1.00	0.11	0.00	0.00	0.00	0.00	1.00	0.11	5.00	0.56	0.00	0.00	2.00	0.22	0.00	0.00	1.00	0.11	0.00	0.00	0.00	0.00	0.00	0.00	88.00	0.83	0.16	0.99	0.00	0.01	0.00	0.00	0.16	0.72	0.00	0.11	0.00	0.01	0.00	0.00	0.00
174	1	51.25	3.73	0.40	0.41	0.19	0.66	0.07	0.81	2.55	2.41	0.83	0.00	0.10	0.78	0.10	0.00	0.00	3.00	4.00	4.00	0.00	0.12	0.16	0.16	0.00	17.00	9.00	0.53	4.00	0.24	13.00	0.76	1.00	0.06	1.00	0.06	1.00	0.06	1.00	0.06	1.00	0.06	5.00	0.29	2.00	0.12	0.00	0.00	0.00	0.00	1.00	0.06	1.00	0.06	2.00	0.12	1.00	0.06	323.00	0.72	0.25	0.97	0.01	0.01	0.01	0.01	0.16	0.69	0.01	0.00	0.00	0.01	0.00	0.01	0.01
175	1	62.78	3.26	0.35	0.44	0.20	0.58	0.07	0.71	2.61	2.85	0.72	0.00	0.02	0.67	0.30	0.01	0.00	1.00	7.00	4.00	1.00	0.05	0.33	0.19	0.05	12.00	8.00	0.67	3.00	0.25	11.00	0.92	0.00	0.00	0.00	0.00	1.00	0.08	0.00	0.00	1.00	0.08	4.00	0.33	0.00	0.00	2.00	0.17	1.00	0.08	0.00	0.00	1.00	0.08	1.00	0.08	0.00	0.00	83.00	0.86	0.12	0.98	0.00	0.01	0.01	0.00	0.08	0.76	0.00	0.04	0.01	0.00	0.01	0.01	0.00
176	1	71.03	3.62	0.38	0.42	0.22	0.57	0.12	0.65	2.64	2.77	0.66	0.00	0.00	0.54	0.46	0.00	0.00	0.00	6.00	2.00	0.00	0.00	0.23	0.08	0.00	7.00	4.00	0.57	2.00	0.29	6.00	0.86	0.00	0.00	1.00	0.14	0.00	0.00	0.00	0.00	0.00	0.00	4.00	0.57	0.00	0.00	0.00	0.00	0.00	0.00	1.00	0.14	2.00	0.29	0.00	0.00	0.00	0.00	26.00	0.81	0.12	0.92	0.00	0.08	0.00	0.00	0.00	0.81	0.00	0.00	0.00	0.04	0.12	0.00	0.00
177	1	105.68	4.72	0.37	0.34	0.24	0.57	0.25	0.72	1.43	2.24	1.15	0.00	0.13	0.75	0.13	0.00	0.00	4.00	10.00	4.00	0.00	0.14	0.36	0.14	0.00	34.00	11.00	0.32	16.00	0.47	27.00	0.79	1.00	0.03	1.00	0.03	4.00	0.12	1.00	0.03	12.00	0.35	6.00	0.18	1.00	0.03	2.00	0.06	2.00	0.06	1.00	0.03	1.00	0.03	3.00	0.09	1.00	0.03	402.00	0.34	0.12	0.46	0.07	0.32	0.15	0.07	0.06	0.29	0.01	0.03	0.01	0.30	0.02	0.01	0.07
178	1	74.19	2.80	0.31	0.47	0.24	0.50	0.08	0.59	2.85	3.40	0.56	0.00	0.01	0.08	0.90	0.01	0.00	1.00	5.00	3.00	1.00	0.08	0.38	0.23	0.08	10.00	5.00	0.50	3.00	0.30	8.00	0.80	1.00	0.10	1.00	0.10	0.00	0.00	1.00	0.10	1.00	0.10	5.00	0.50	0.00	0.00	0.00	0.00	0.00	0.00	1.00	0.10	2.00	0.20	0.00	0.00	1.00	0.10	151.00	0.93	0.04	0.97	0.01	0.03	0.00	0.01	0.01	0.93	0.00	0.00	0.00	0.03	0.03	0.00	0.01
179	1	63.84	4.74	0.49	0.28	0.08	0.66	0.19	0.83	2.50	2.44	0.80	0.00	0.00	0.85	0.15	0.00	0.00	0.00	2.00	1.00	0.00	0.00	0.14	0.07	0.00	9.00	1.00	0.11	8.00	0.89	9.00	1.00	0.00	0.00	0.00	0.00	0.00	0.00	0.00	0.00	7.00	0.78	1.00	0.11	0.00	0.00	0.00	0.00	0.00	0.00	0.00	0.00	1.00	0.11	0.00	0.00	0.00	0.00	13.00	0.15	0.85	1.00	0.00	0.00	0.00	0.00	0.54	0.15	0.00	0.00	0.00	0.00	0.31	0.00	0.00
180	1	74.20	3.62	0.41	0.39	0.19	0.60	0.12	0.73	2.53	3.40	1.13	0.00	0.08	0.51	0.37	0.04	0.00	2.00	6.00	2.00	1.00	0.07	0.20	0.07	0.03	22.00	3.00	0.14	15.00	0.68	18.00	0.82	1.00	0.05	1.00	0.05	1.00	0.05	1.00	0.05	12.00	0.55	2.00	0.09	0.00	0.00	1.00	0.05	0.00	0.00	1.00	0.05	2.00	0.09	1.00	0.05	1.00	0.05	79.00	0.59	0.29	0.89	0.04	0.01	0.03	0.04	0.15	0.49	0.00	0.10	0.00	0.01	0.10	0.01	0.04
181	1	67.07	3.53	0.36	0.43	0.20	0.56	0.11	0.67	2.52	2.61	0.72	0.00	0.05	0.62	0.29	0.03	0.00	3.00	9.00	4.00	2.00	0.09	0.28	0.13	0.06	21.00	13.00	0.62	5.00	0.24	18.00	0.86	0.00	0.00	1.00	0.05	1.00	0.05	0.00	0.00	1.00	0.05	7.00	0.33	2.00	0.10	2.00	0.10	1.00	0.05	1.00	0.05	2.00	0.10	2.00	0.10	0.00	0.00	356.00	0.82	0.06	0.88	0.00	0.09	0.01	0.00	0.00	0.69	0.03	0.08	0.01	0.04	0.04	0.01	0.00
184	1	67.23	3.18	0.39	0.43	0.23	0.59	0.13	0.68	2.81	3.34	1.05	0.00	0.02	0.40	0.58	0.00	0.00	1.00	8.00	4.00	0.00	0.04	0.35	0.17	0.00	34.00	13.00	0.38	14.00	0.41	27.00	0.79	1.00	0.03	1.00	0.03	4.00	0.12	1.00	0.03	7.00	0.21	8.00	0.24	2.00	0.06	2.00	0.06	1.00	0.03	1.00	0.03	2.00	0.06	5.00	0.15	1.00	0.03	1955.00	0.82	0.04	0.87	0.02	0.01	0.11	0.02	0.00	0.77	0.01	0.04	0.00	0.01	0.03	0.00	0.02
185	1	61.34	2.65	0.30	0.49	0.24	0.51	0.08	0.60	2.82	3.09	0.54	0.00	0.02	0.43	0.54	0.01	0.00	1.00	4.00	4.00	1.00	0.05	0.18	0.18	0.05	10.00	6.00	0.60	0.00	0.00	6.00	0.60	1.00	0.10	1.00	0.10	2.00	0.20	1.00	0.10	0.00	0.00	5.00	0.50	0.00	0.00	0.00	0.00	1.00	0.10	1.00	0.10	0.00	0.00	0.00	0.00	1.00	0.10	193.00	0.96	0.00	0.96	0.02	0.01	0.01	0.02	0.00	0.95	0.00	0.00	0.01	0.01	0.00	0.00	0.02
186	1	87.38	3.26	0.34	0.41	0.24	0.54	0.16	0.65	2.35	3.67	1.11	0.00	0.09	0.35	0.55	0.01	0.00	1.00	5.00	5.00	1.00	0.05	0.24	0.24	0.05	17.00	6.00	0.35	7.00	0.41	13.00	0.76	1.00	0.06	1.00	0.06	2.00	0.12	1.00	0.06	6.00	0.35	5.00	0.29	0.00	0.00	0.00	0.00	1.00	0.06	1.00	0.06	1.00	0.06	0.00	0.00	1.00	0.06	112.00	0.60	0.10	0.70	0.09	0.09	0.13	0.09	0.05	0.59	0.00	0.00	0.01	0.09	0.04	0.00	0.09
187	1	73.58	2.83	0.32	0.47	0.22	0.51	0.07	0.60	2.89	3.59	0.62	0.00	0.02	0.15	0.83	0.00	0.00	1.00	5.00	3.00	0.00	0.06	0.31	0.19	0.00	9.00	6.00	0.67	3.00	0.33	9.00	1.00	0.00	0.00	0.00	0.00	0.00	0.00	0.00	0.00	0.00	0.00	5.00	0.56	0.00	0.00	1.00	0.11	0.00	0.00	0.00	0.00	2.00	0.22	1.00	0.11	0.00	0.00	83.00	0.89	0.11	1.00	0.00	0.00	0.00	0.00	0.00	0.88	0.00	0.01	0.00	0.00	0.08	0.01	0.00
188	1	65.64	4.05	0.35	0.45	0.26	0.63	0.14	0.71	2.24	1.97	0.72	0.00	0.03	0.91	0.03	0.03	0.00	1.00	3.00	1.00	2.00	0.07	0.20	0.07	0.13	7.00	3.00	0.43	0.00	0.00	3.00	0.43	1.00	0.14	1.00	0.14	1.00	0.14	1.00	0.14	0.00	0.00	2.00	0.29	0.00	0.00	0.00	0.00	1.00	0.14	1.00	0.14	0.00	0.00	0.00	0.00	1.00	0.14	96.00	0.80	0.00	0.80	0.03	0.13	0.03	0.03	0.00	0.78	0.00	0.00	0.02	0.13	0.00	0.00	0.03
191	1	66.47	2.99	0.34	0.45	0.20	0.53	0.09	0.63	2.76	3.31	0.75	0.00	0.11	0.26	0.60	0.03	0.00	1.00	3.00	3.00	1.00	0.09	0.27	0.27	0.09	8.00	6.00	0.75	1.00	0.13	7.00	0.88	0.00	0.00	0.00	0.00	1.00	0.13	0.00	0.00	0.00	0.00	3.00	0.38	1.00	0.13	1.00	0.13	1.00	0.13	0.00	0.00	1.00	0.13	0.00	0.00	0.00	0.00	65.00	0.92	0.06	0.98	0.00	0.00	0.02	0.00	0.00	0.72	0.11	0.06	0.03	0.00	0.06	0.00	0.00
193	1	54.77	3.09	0.38	0.46	0.23	0.59	0.09	0.64	3.11	2.77	0.65	0.00	0.00	0.97	0.03	0.00	0.00	0.00	2.00	1.00	0.00	0.00	0.25	0.13	0.00	34.00	2.00	0.06	32.00	0.94	34.00	1.00	0.00	0.00	0.00	0.00	0.00	0.00	0.00	0.00	32.00	0.94	2.00	0.06	0.00	0.00	0.00	0.00	0.00	0.00	0.00	0.00	0.00	0.00	0.00	0.00	0.00	0.00	34.00	0.06	0.94	1.00	0.00	0.00	0.00	0.00	0.94	0.06	0.00	0.00	0.00	0.00	0.00	0.00	0.00
194	1	89.34	2.85	0.32	0.42	0.23	0.50	0.07	0.60	2.61	4.17	0.88	0.00	0.00	0.90	0.03	0.07	0.00	0.00	3.00	1.00	1.00	0.00	0.13	0.04	0.04	14.00	3.00	0.21	11.00	0.79	14.00	1.00	0.00	0.00	0.00	0.00	0.00	0.00	0.00	0.00	10.00	0.71	2.00	0.14	0.00	0.00	0.00	0.00	1.00	0.07	0.00	0.00	1.00	0.07	0.00	0.00	0.00	0.00	29.00	0.55	0.45	1.00	0.00	0.00	0.00	0.00	0.34	0.48	0.00	0.00	0.07	0.00	0.10	0.00	0.00
195	1	81.66	3.00	0.32	0.42	0.21	0.50	0.10	0.60	2.42	3.52	0.82	0.00	0.03	0.70	0.22	0.04	0.00	3.00	8.00	4.00	2.00	0.10	0.26	0.13	0.06	17.00	9.00	0.53	4.00	0.24	13.00	0.76	1.00	0.06	1.00	0.06	1.00	0.06	1.00	0.06	1.00	0.06	6.00	0.35	1.00	0.06	1.00	0.06	1.00	0.06	1.00	0.06	1.00	0.06	2.00	0.12	1.00	0.06	142.00	0.75	0.12	0.87	0.01	0.06	0.04	0.01	0.01	0.69	0.01	0.04	0.01	0.04	0.10	0.01	0.01
198	1	80.07	3.29	0.36	0.41	0.26	0.56	0.19	0.69	2.11	3.81	1.24	0.00	0.16	0.54	0.28	0.02	0.00	1.00	6.00	5.00	1.00	0.04	0.26	0.22	0.04	55.00	7.00	0.13	43.00	0.78	50.00	0.91	1.00	0.02	1.00	0.02	2.00	0.04	1.00	0.02	41.00	0.75	6.00	0.11	0.00	0.00	0.00	0.00	1.00	0.02	1.00	0.02	2.00	0.04	0.00	0.00	1.00	0.02	222.00	0.39	0.28	0.67	0.16	0.04	0.13	0.16	0.18	0.36	0.00	0.00	0.02	0.04	0.09	0.00	0.16
199	1	93.89	3.79	0.42	0.34	0.23	0.62	0.22	0.70	2.03	3.82	1.86	0.00	0.12	0.37	0.51	0.00	0.00	3.00	4.00	3.00	0.00	0.15	0.20	0.15	0.00	9.00	4.00	0.44	2.00	0.22	6.00	0.67	0.00	0.00	1.00	0.11	2.00	0.22	0.00	0.00	0.00	0.00	3.00	0.33	1.00	0.11	0.00	0.00	0.00	0.00	1.00	0.11	0.00	0.00	2.00	0.22	0.00	0.00	27.00	0.44	0.07	0.52	0.00	0.19	0.30	0.00	0.00	0.41	0.04	0.00	0.00	0.11	0.00	0.07	0.00
200	1	59.90	3.84	0.40	0.44	0.22	0.62	0.15	0.81	2.55	2.99	0.89	0.00	0.22	0.28	0.45	0.00	0.00	1.00	4.00	3.00	0.00	0.04	0.15	0.12	0.00	10.00	5.00	0.50	4.00	0.40	9.00	0.90	1.00	0.10	0.00	0.00	0.00	0.00	1.00	0.10	0.00	0.00	4.00	0.40	0.00	0.00	0.00	0.00	0.00	0.00	0.00	0.00	2.00	0.20	1.00	0.10	1.00	0.10	36.00	0.53	0.25	0.78	0.22	0.00	0.00	0.22	0.00	0.50	0.00	0.00	0.00	0.00	0.14	0.03	0.22
202	1	59.18	3.50	0.37	0.45	0.23	0.59	0.15	0.82	2.35	3.27	0.97	0.00	0.48	0.16	0.36	0.00	0.00	2.00	11.00	3.00	0.00	0.06	0.35	0.10	0.00	21.00	11.00	0.52	5.00	0.24	16.00	0.76	1.00	0.05	2.00	0.10	2.00	0.10	1.00	0.05	1.00	0.05	9.00	0.43	0.00	0.00	1.00	0.05	1.00	0.05	1.00	0.05	3.00	0.14	1.00	0.05	1.00	0.05	384.00	0.43	0.17	0.61	0.37	0.02	0.01	0.37	0.02	0.42	0.00	0.01	0.00	0.01	0.04	0.00	0.37
203	1	55.34	4.06	0.40	0.46	0.22	0.66	0.10	0.78	2.58	2.32	0.83	0.03	0.05	0.75	0.17	0.00	1.00	1.00	9.00	4.00	0.00	0.03	0.31	0.14	0.00	14.00	7.00	0.50	5.00	0.36	12.00	0.86	0.00	0.00	1.00	0.07	1.00	0.07	0.00	0.00	1.00	0.07	5.00	0.36	0.00	0.00	1.00	0.07	0.00	0.00	1.00	0.07	3.00	0.21	1.00	0.07	0.00	0.00	108.00	0.85	0.10	0.95	0.00	0.03	0.02	0.00	0.01	0.78	0.00	0.05	0.00	0.01	0.05	0.01	0.00
205	1	75.15	4.37	0.47	0.30	0.09	0.66	0.15	0.93	2.46	3.58	1.25	0.00	0.47	0.43	0.08	0.00	0.00	3.00	7.00	3.00	0.00	0.12	0.28	0.12	0.00	14.00	7.00	0.50	6.00	0.43	13.00	0.93	1.00	0.07	0.00	0.00	0.00	0.00	1.00	0.07	0.00	0.00	6.00	0.43	0.00	0.00	1.00	0.07	0.00	0.00	0.00	0.00	3.00	0.21	2.00	0.14	1.00	0.07	95.00	0.16	0.68	0.84	0.16	0.00	0.00	0.16	0.00	0.15	0.00	0.01	0.00	0.00	0.36	0.02	0.16
206	1	84.77	3.48	0.41	0.35	0.13	0.59	0.06	0.78	2.73	4.11	1.16	0.00	0.25	0.31	0.38	0.02	0.00	2.00	5.00	2.00	1.00	0.08	0.19	0.08	0.04	11.00	6.00	0.55	5.00	0.45	11.00	1.00	0.00	0.00	0.00	0.00	0.00	0.00	0.00	0.00	1.00	0.09	4.00	0.36	0.00	0.00	0.00	0.00	1.00	0.09	0.00	0.00	2.00	0.18	2.00	0.18	0.00	0.00	44.00	0.55	0.45	1.00	0.00	0.00	0.00	0.00	0.05	0.48	0.00	0.00	0.02	0.00	0.16	0.05	0.00
207	1	71.53	3.26	0.35	0.45	0.23	0.57	0.11	0.77	2.40	3.65	0.97	0.00	0.33	0.25	0.40	0.00	0.00	3.00	8.00	3.00	0.00	0.13	0.33	0.13	0.00	14.00	8.00	0.57	3.00	0.21	11.00	0.79	1.00	0.07	0.00	0.00	2.00	0.14	1.00	0.07	0.00	0.00	5.00	0.36	1.00	0.07	1.00	0.07	0.00	0.00	0.00	0.00	2.00	0.14	1.00	0.07	1.00	0.07	157.00	0.60	0.13	0.73	0.23	0.01	0.03	0.23	0.00	0.56	0.01	0.02	0.00	0.00	0.04	0.01	0.23
209	1	57.51	3.24	0.34	0.48	0.24	0.58	0.12	0.75	2.49	3.20	0.81	0.00	0.31	0.26	0.42	0.00	0.00	2.00	4.00	3.00	0.00	0.11	0.22	0.17	0.00	9.00	4.00	0.44	3.00	0.33	7.00	0.78	1.00	0.11	0.00	0.00	1.00	0.11	1.00	0.11	0.00	0.00	4.00	0.44	0.00	0.00	0.00	0.00	0.00	0.00	0.00	0.00	2.00	0.22	1.00	0.11	1.00	0.11	66.00	0.64	0.09	0.73	0.26	0.00	0.02	0.26	0.00	0.64	0.00	0.00	0.00	0.00	0.03	0.02	0.26
210	1	69.91	3.87	0.43	0.40	0.23	0.64	0.15	0.73	2.80	2.89	1.18	0.00	0.16	0.08	0.72	0.00	0.00	2.00	1.00	4.00	0.00	0.10	0.05	0.20	0.00	9.00	5.00	0.56	1.00	0.11	6.00	0.67	1.00	0.11	1.00	0.11	1.00	0.11	1.00	0.11	0.00	0.00	4.00	0.44	0.00	0.00	0.00	0.00	0.00	0.00	1.00	0.11	0.00	0.00	1.00	0.11	1.00	0.11	91.00	0.74	0.08	0.81	0.08	0.08	0.03	0.08	0.00	0.73	0.00	0.00	0.00	0.08	0.00	0.01	0.08
211	1	81.72	3.28	0.41	0.38	0.13	0.60	0.05	0.79	2.93	4.18	1.23	0.00	0.36	0.14	0.50	0.00	0.00	3.00	4.00	4.00	0.00	0.13	0.17	0.17	0.00	11.00	6.00	0.55	4.00	0.36	10.00	0.91	1.00	0.09	0.00	0.00	0.00	0.00	1.00	0.09	0.00	0.00	4.00	0.36	0.00	0.00	1.00	0.09	0.00	0.00	0.00	0.00	2.00	0.18	2.00	0.18	1.00	0.09	145.00	0.61	0.38	0.99	0.01	0.00	0.00	0.01	0.00	0.54	0.00	0.06	0.00	0.00	0.02	0.01	0.01
212	1	67.34	3.62	0.43	0.36	0.13	0.63	0.08	0.89	2.43	3.59	1.35	0.00	0.38	0.43	0.19	0.00	0.00	2.00	6.00	4.00	0.00	0.07	0.21	0.14	0.00	12.00	7.00	0.58	3.00	0.25	10.00	0.83	1.00	0.08	0.00	0.00	1.00	0.08	1.00	0.08	1.00	0.08	6.00	0.50	0.00	0.00	1.00	0.08	0.00	0.00	0.00	0.00	1.00	0.08	1.00	0.08	1.00	0.08	26.00	0.42	0.42	0.85	0.12	0.00	0.04	0.12	0.12	0.31	0.00	0.12	0.00	0.00	0.04	0.04	0.12
213	1	55.23	3.83	0.45	0.33	0.13	0.64	0.07	0.84	2.33	2.39	0.87	0.00	0.07	0.68	0.25	0.00	0.00	2.00	10.00	4.00	0.00	0.08	0.38	0.15	0.00	16.00	9.00	0.56	5.00	0.31	14.00	0.88	0.00	0.00	1.00	0.06	1.00	0.06	0.00	0.00	1.00	0.06	7.00	0.44	1.00	0.06	1.00	0.06	0.00	0.00	1.00	0.06	3.00	0.19	1.00	0.06	0.00	0.00	115.00	0.54	0.43	0.97	0.00	0.02	0.01	0.00	0.30	0.48	0.01	0.05	0.00	0.02	0.08	0.01	0.00
214	1	63.97	4.03	0.41	0.40	0.16	0.64	0.10	0.84	2.56	2.75	0.93	0.00	0.12	0.73	0.09	0.00	0.00	2.00	6.00	1.00	0.00	0.09	0.27	0.05	0.00	10.00	3.00	0.30	6.00	0.60	9.00	0.90	0.00	0.00	0.00	0.00	1.00	0.10	0.00	0.00	1.00	0.10	3.00	0.30	0.00	0.00	0.00	0.00	0.00	0.00	0.00	0.00	1.00	0.10	2.00	0.20	0.00	0.00	34.00	0.53	0.44	0.97	0.00	0.00	0.03	0.00	0.03	0.53	0.00	0.00	0.00	0.00	0.12	0.06	0.00
215	1	65.77	3.35	0.38	0.43	0.20	0.60	0.07	0.74	2.61	3.00	0.82	0.00	0.06	0.56	0.38	0.00	0.00	1.00	8.00	3.00	0.00	0.04	0.33	0.13	0.00	12.00	8.00	0.67	3.00	0.25	11.00	0.92	0.00	0.00	1.00	0.08	0.00	0.00	0.00	0.00	1.00	0.08	7.00	0.58	0.00	0.00	1.00	0.08	0.00	0.00	1.00	0.08	1.00	0.08	1.00	0.08	0.00	0.00	72.00	0.85	0.14	0.99	0.00	0.01	0.00	0.00	0.07	0.76	0.00	0.08	0.00	0.01	0.01	0.01	0.00
216	1	71.83	3.83	0.39	0.38	0.17	0.58	0.14	0.72	2.44	3.03	0.78	0.00	0.14	0.42	0.40	0.04	0.00	2.00	6.00	3.00	1.00	0.09	0.26	0.13	0.04	12.00	8.00	0.67	2.00	0.17	10.00	0.83	1.00	0.08	1.00	0.08	0.00	0.00	1.00	0.08	0.00	0.00	5.00	0.42	1.00	0.08	1.00	0.08	1.00	0.08	1.00	0.08	2.00	0.17	0.00	0.00	1.00	0.08	57.00	0.58	0.33	0.91	0.07	0.02	0.00	0.07	0.00	0.46	0.07	0.02	0.04	0.02	0.33	0.00	0.07
217	1	87.77	4.02	0.46	0.31	0.06	0.64	0.05	0.95	2.74	4.27	1.59	0.00	0.38	0.34	0.24	0.00	0.00	1.00	5.00	4.00	0.00	0.05	0.26	0.21	0.00	11.00	6.00	0.55	5.00	0.45	11.00	1.00	0.00	0.00	0.00	0.00	0.00	0.00	0.00	0.00	0.00	0.00	4.00	0.36	0.00	0.00	1.00	0.09	0.00	0.00	0.00	0.00	3.00	0.27	1.00	0.09	0.00	0.00	57.00	0.44	0.56	1.00	0.00	0.00	0.00	0.00	0.00	0.23	0.00	0.18	0.00	0.00	0.16	0.02	0.00
218	1	76.51	2.94	0.32	0.45	0.20	0.51	0.09	0.60	2.74	3.51	0.58	0.00	0.00	0.24	0.76	0.00	0.00	0.00	5.00	3.00	0.00	0.00	0.36	0.21	0.00	8.00	4.00	0.50	4.00	0.50	8.00	1.00	0.00	0.00	0.00	0.00	0.00	0.00	0.00	0.00	0.00	0.00	3.00	0.38	0.00	0.00	0.00	0.00	0.00	0.00	0.00	0.00	4.00	0.50	0.00	0.00	0.00	0.00	39.00	0.79	0.21	1.00	0.00	0.00	0.00	0.00	0.00	0.74	0.00	0.00	0.00	0.00	0.21	0.00	0.00
221	1	140.59	4.75	0.37	0.24	0.26	0.53	0.33	0.58	0.89	2.86	1.62	0.00	0.02	0.69	0.27	0.02	0.00	1.00	3.00	1.00	1.00	0.05	0.16	0.05	0.05	6.00	1.00	0.17	1.00	0.17	2.00	0.33	1.00	0.17	1.00	0.17	1.00	0.17	1.00	0.17	0.00	0.00	1.00	0.17	0.00	0.00	0.00	0.00	0.00	0.00	1.00	0.17	1.00	0.17	0.00	0.00	1.00	0.17	44.00	0.11	0.09	0.20	0.02	0.48	0.27	0.02	0.00	0.11	0.00	0.00	0.00	0.48	0.09	0.00	0.02
224	1	99.66	3.87	0.41	0.36	0.13	0.58	0.08	0.82	2.50	4.44	1.47	0.00	0.28	0.37	0.30	0.00	0.00	3.00	6.00	3.00	0.00	0.12	0.24	0.12	0.00	12.00	4.00	0.33	7.00	0.58	11.00	0.92	0.00	0.00	1.00	0.08	0.00	0.00	0.00	0.00	1.00	0.08	3.00	0.25	0.00	0.00	0.00	0.00	0.00	0.00	1.00	0.08	3.00	0.25	3.00	0.25	0.00	0.00	43.00	0.49	0.44	0.93	0.00	0.07	0.00	0.00	0.05	0.44	0.00	0.00	0.00	0.02	0.12	0.07	0.00
225	1	96.74	3.38	0.38	0.35	0.16	0.56	0.11	0.71	2.55	4.31	1.34	0.00	0.24	0.64	0.08	0.03	0.00	1.00	6.00	3.00	2.00	0.06	0.38	0.19	0.13	11.00	3.00	0.27	3.00	0.27	6.00	0.55	0.00	0.00	1.00	0.09	3.00	0.27	0.00	0.00	0.00	0.00	1.00	0.09	0.00	0.00	0.00	0.00	1.00	0.09	1.00	0.09	2.00	0.18	1.00	0.09	0.00	0.00	90.00	0.49	0.34	0.83	0.00	0.07	0.09	0.00	0.00	0.43	0.00	0.00	0.02	0.06	0.10	0.01	0.00
226	1	101.62	3.59	0.43	0.28	0.10	0.59	0.06	0.80	2.47	4.82	1.34	0.00	0.26	0.74	0.00	0.00	0.00	1.00	3.00	0.00	0.00	0.08	0.23	0.00	0.00	4.00	1.00	0.25	3.00	0.75	4.00	1.00	0.00	0.00	0.00	0.00	0.00	0.00	0.00	0.00	1.00	0.25	1.00	0.25	0.00	0.00	0.00	0.00	0.00	0.00	0.00	0.00	1.00	0.25	1.00	0.25	0.00	0.00	35.00	0.29	0.71	1.00	0.00	0.00	0.00	0.00	0.20	0.29	0.00	0.00	0.00	0.00	0.26	0.03	0.00
228	1	76.26	3.51	0.39	0.36	0.14	0.58	0.09	0.74	2.65	3.61	0.95	0.00	0.17	0.81	0.00	0.02	0.00	1.00	7.00	0.00	1.00	0.05	0.37	0.00	0.05	9.00	2.00	0.22	6.00	0.67	8.00	0.89	0.00	0.00	0.00	0.00	0.00	0.00	0.00	0.00	1.00	0.11	2.00	0.22	0.00	0.00	0.00	0.00	0.00	0.00	0.00	0.00	4.00	0.44	1.00	0.11	0.00	0.00	47.00	0.55	0.43	0.98	0.00	0.00	0.00	0.00	0.02	0.55	0.00	0.00	0.00	0.00	0.23	0.02	0.00
232	1	89.95	4.11	0.44	0.37	0.13	0.60	0.11	0.87	2.46	3.98	1.57	0.00	0.17	0.54	0.26	0.00	0.00	1.00	6.00	2.00	0.00	0.05	0.32	0.11	0.00	10.00	5.00	0.50	4.00	0.40	9.00	0.90	0.00	0.00	1.00	0.10	0.00	0.00	0.00	0.00	0.00	0.00	3.00	0.30	0.00	0.00	1.00	0.10	0.00	0.00	1.00	0.10	3.00	0.30	1.00	0.10	0.00	0.00	35.00	0.60	0.37	0.97	0.00	0.03	0.00	0.00	0.00	0.46	0.00	0.11	0.00	0.03	0.20	0.03	0.00
233	1	86.46	3.83	0.43	0.40	0.19	0.61	0.13	0.81	2.57	3.82	1.43	0.03	0.16	0.55	0.26	0.00	1.00	1.00	6.00	1.00	0.00	0.05	0.30	0.05	0.00	9.00	4.00	0.44	3.00	0.33	7.00	0.78	0.00	0.00	1.00	0.11	1.00	0.11	0.00	0.00	0.00	0.00	2.00	0.22	0.00	0.00	1.00	0.11	0.00	0.00	1.00	0.11	2.00	0.22	1.00	0.11	0.00	0.00	31.00	0.65	0.23	0.87	0.00	0.03	0.10	0.00	0.00	0.58	0.00	0.03	0.00	0.03	0.06	0.03	0.00
235	1	127.27	4.30	0.55	0.28	0.07	0.71	0.06	1.08	2.66	6.71	2.91	0.00	0.69	0.19	0.12	0.00	0.00	3.00	5.00	3.00	0.00	0.16	0.26	0.16	0.00	10.00	4.00	0.40	4.00	0.40	8.00	0.80	0.00	0.00	1.00	0.10	1.00	0.10	0.00	0.00	0.00	0.00	3.00	0.30	1.00	0.10	0.00	0.00	0.00	0.00	1.00	0.10	2.00	0.20	2.00	0.20	0.00	0.00	54.00	0.15	0.80	0.94	0.00	0.04	0.02	0.00	0.00	0.13	0.02	0.00	0.00	0.02	0.11	0.04	0.00
236	1	101.06	4.42	0.51	0.32	0.08	0.67	0.10	1.00	2.49	4.89	2.13	0.00	0.35	0.39	0.25	0.00	0.00	2.00	4.00	2.00	0.00	0.07	0.15	0.07	0.00	7.00	3.00	0.43	4.00	0.57	7.00	1.00	0.00	0.00	0.00	0.00	0.00	0.00	0.00	0.00	0.00	0.00	2.00	0.29	0.00	0.00	0.00	0.00	0.00	0.00	0.00	0.00	2.00	0.29	2.00	0.29	0.00	0.00	39.00	0.28	0.69	0.97	0.00	0.03	0.00	0.00	0.00	0.26	0.00	0.00	0.00	0.00	0.33	0.05	0.00
237	1	64.76	3.62	0.41	0.43	0.23	0.63	0.12	0.72	2.77	2.98	0.97	0.00	0.05	0.49	0.45	0.01	0.00	3.00	7.00	7.00	1.00	0.10	0.23	0.23	0.03	23.00	12.00	0.52	5.00	0.22	17.00	0.74	1.00	0.04	1.00	0.04	3.00	0.13	1.00	0.04	0.00	0.00	8.00	0.35	0.00	0.00	1.00	0.04	1.00	0.04	1.00	0.04	2.00	0.09	3.00	0.13	1.00	0.04	544.00	0.82	0.09	0.91	0.02	0.02	0.05	0.02	0.00	0.81	0.00	0.00	0.00	0.02	0.05	0.01	0.02
238	1	77.99	3.12	0.35	0.40	0.25	0.55	0.18	0.62	2.23	3.28	1.18	0.00	0.06	0.44	0.47	0.02	0.00	1.00	3.00	5.00	2.00	0.05	0.16	0.26	0.11	13.00	7.00	0.54	2.00	0.15	9.00	0.69	1.00	0.08	1.00	0.08	1.00	0.08	1.00	0.08	0.00	0.00	5.00	0.38	0.00	0.00	0.00	0.00	1.00	0.08	1.00	0.08	2.00	0.15	0.00	0.00	1.00	0.08	523.00	0.64	0.01	0.65	0.06	0.11	0.17	0.06	0.00	0.63	0.00	0.00	0.01	0.11	0.01	0.00	0.06
244	6	81.54	3.60	0.43	0.34	0.22	0.63	0.10	0.81	2.23	3.78	1.69	0.00	0.19	0.38	0.27	0.15	0.00	2.00	2.00	3.00	1.00	0.09	0.09	0.13	0.04	8.00	4.00	0.50	2.00	0.25	6.00	0.75	1.00	0.13	0.00	0.00	1.00	0.13	0.00	0.00	0.00	0.00	2.00	0.25	0.00	0.00	1.00	0.13	1.00	0.13	0.00	0.00	0.00	0.00	2.00	0.25	1.00	0.13	52.00	0.60	0.19	0.79	0.08	0.00	0.13	0.00	0.00	0.31	0.00	0.13	0.15	0.00	0.00	0.04	0.08
245	6	87.87	5.46	0.48	0.29	0.15	0.61	0.17	0.96	2.33	2.73	1.05	0.00	0.10	0.57	0.31	0.00	0.00	3.00	8.00	3.00	0.00	0.11	0.29	0.11	0.00	15.00	5.00	0.33	10.00	0.67	15.00	1.00	0.00	0.00	0.00	0.00	0.00	0.00	0.00	0.00	0.00	0.00	3.00	0.20	0.00	0.00	2.00	0.13	0.00	0.00	0.00	0.00	5.00	0.33	4.00	0.27	0.00	0.00	65.00	0.26	0.74	1.00	0.00	0.00	0.00	0.00	0.00	0.17	0.00	0.09	0.00	0.00	0.62	0.06	0.00
246	6	74.19	3.94	0.41	0.37	0.16	0.58	0.12	0.79	2.63	3.02	0.93	0.00	0.09	0.44	0.42	0.03	0.00	1.00	6.00	4.00	1.00	0.04	0.24	0.16	0.04	13.00	5.00	0.38	6.00	0.46	11.00	0.85	1.00	0.08	0.00	0.00	0.00	0.00	0.00	0.00	0.00	0.00	3.00	0.23	0.00	0.00	2.00	0.15	0.00	0.00	0.00	0.00	4.00	0.31	2.00	0.15	1.00	0.08	80.00	0.51	0.41	0.93	0.05	0.00	0.00	0.00	0.00	0.41	0.00	0.10	0.00	0.00	0.30	0.03	0.05
248	6	84.44	5.93	0.47	0.31	0.17	0.63	0.18	0.96	2.97	2.29	0.94	0.00	0.04	0.23	0.50	0.00	0.00	2.00	4.00	5.00	0.00	0.09	0.17	0.22	0.00	12.00	3.00	0.25	7.00	0.58	10.00	0.83	1.00	0.08	0.00	0.00	1.00	0.08	0.00	0.00	0.00	0.00	2.00	0.17	0.00	0.00	1.00	0.08	0.00	0.00	0.00	0.00	3.00	0.25	3.00	0.25	1.00	0.08	45.00	0.27	0.53	0.80	0.18	0.00	0.02	0.00	0.00	0.13	0.00	0.13	0.00	0.00	0.24	0.07	0.18
249	6	54.62	4.64	0.42	0.34	0.18	0.63	0.24	0.87	1.89	1.93	0.64	0.00	0.44	0.44	0.11	0.00	0.00	2.00	4.00	3.00	0.00	0.11	0.22	0.17	0.00	11.00	4.00	0.36	6.00	0.55	10.00	0.91	1.00	0.09	0.00	0.00	0.00	0.00	0.00	0.00	0.00	0.00	3.00	0.27	0.00	0.00	1.00	0.09	0.00	0.00	0.00	0.00	2.00	0.18	3.00	0.27	1.00	0.09	76.00	0.21	0.46	0.67	0.33	0.00	0.00	0.00	0.00	0.20	0.00	0.01	0.00	0.00	0.13	0.04	0.33
250	6	57.69	3.99	0.36	0.38	0.24	0.55	0.23	0.84	1.75	2.41	1.03	0.00	0.11	0.36	0.53	0.00	0.00	1.00	4.00	2.00	0.00	0.04	0.17	0.09	0.00	7.00	2.00	0.29	3.00	0.43	5.00	0.71	1.00	0.14	0.00	0.00	1.00	0.14	0.00	0.00	0.00	0.00	1.00	0.14	0.00	0.00	1.00	0.14	0.00	0.00	0.00	0.00	1.00	0.14	1.00	0.14	1.00	0.14	28.00	0.29	0.18	0.46	0.50	0.00	0.04	0.00	0.00	0.04	0.00	0.25	0.00	0.00	0.04	0.04	0.50
251	6	84.78	5.64	0.50	0.30	0.08	0.64	0.17	0.97	2.91	2.03	0.93	0.00	0.10	0.56	0.12	0.02	0.00	5.00	6.00	3.00	1.00	0.22	0.26	0.13	0.04	16.00	5.00	0.31	8.00	0.50	13.00	0.81	2.00	0.13	1.00	0.06	0.00	0.00	0.00	0.00	0.00	0.00	3.00	0.19	0.00	0.00	2.00	0.13	0.00	0.00	0.00	0.00	4.00	0.25	4.00	0.25	2.00	0.13	51.00	0.27	0.61	0.88	0.04	0.08	0.00	0.00	0.00	0.12	0.00	0.16	0.00	0.00	0.35	0.08	0.04
252	6	76.74	6.73	0.49	0.34	0.17	0.67	0.24	1.05	2.47	1.84	0.74	0.00	0.41	0.18	0.24	0.00	0.00	2.00	3.00	1.00	0.00	0.13	0.20	0.07	0.00	7.00	1.00	0.14	5.00	0.71	6.00	0.86	1.00	0.14	0.00	0.00	0.00	0.00	0.00	0.00	0.00	0.00	0.00	0.00	0.00	0.00	1.00	0.14	0.00	0.00	0.00	0.00	3.00	0.43	2.00	0.29	1.00	0.14	17.00	0.06	0.59	0.65	0.35	0.00	0.00	0.00	0.00	0.00	0.00	0.06	0.00	0.00	0.35	0.12	0.35
253	6	65.13	4.32	0.42	0.32	0.14	0.56	0.12	0.84	2.08	2.17	0.82	0.00	0.03	0.74	0.23	0.00	0.00	1.00	5.00	2.00	0.00	0.05	0.25	0.10	0.00	8.00	3.00	0.38	5.00	0.63	8.00	1.00	0.00	0.00	0.00	0.00	0.00	0.00	0.00	0.00	0.00	0.00	2.00	0.25	0.00	0.00	1.00	0.13	0.00	0.00	0.00	0.00	3.00	0.38	1.00	0.13	0.00	0.00	74.00	0.54	0.46	1.00	0.00	0.00	0.00	0.00	0.00	0.23	0.00	0.31	0.00	0.00	0.39	0.01	0.00
254	6	87.80	6.78	0.50	0.28	0.10	0.64	0.15	1.09	2.63	1.98	0.91	0.00	0.02	0.52	0.30	0.00	0.00	1.00	7.00	3.00	0.00	0.06	0.39	0.17	0.00	12.00	6.00	0.50	6.00	0.50	12.00	1.00	0.00	0.00	0.00	0.00	0.00	0.00	0.00	0.00	0.00	0.00	3.00	0.25	0.00	0.00	3.00	0.25	0.00	0.00	0.00	0.00	4.00	0.33	2.00	0.17	0.00	0.00	50.00	0.42	0.58	1.00	0.00	0.00	0.00	0.00	0.00	0.10	0.00	0.32	0.00	0.00	0.40	0.04	0.00
255	6	69.11	4.75	0.48	0.26	0.05	0.60	0.19	0.88	1.97	2.09	0.91	0.00	0.10	0.88	0.02	0.00	0.00	2.00	3.00	1.00	0.00	0.17	0.25	0.08	0.00	6.00	2.00	0.33	3.00	0.50	5.00	0.83	1.00	0.17	0.00	0.00	0.00	0.00	0.00	0.00	0.00	0.00	1.00	0.17	0.00	0.00	1.00	0.17	0.00	0.00	0.00	0.00	2.00	0.33	1.00	0.17	1.00	0.17	53.00	0.21	0.77	0.98	0.02	0.00	0.00	0.00	0.00	0.02	0.00	0.19	0.00	0.00	0.70	0.02	0.02
256	6	52.44	3.88	0.38	0.42	0.24	0.61	0.31	0.80	2.01	2.57	1.01	0.00	0.28	0.00	0.72	0.00	0.00	2.00	0.00	4.00	0.00	0.20	0.00	0.40	0.00	6.00	2.00	0.33	1.00	0.17	3.00	0.50	2.00	0.33	0.00	0.00	1.00	0.17	0.00	0.00	0.00	0.00	2.00	0.33	0.00	0.00	0.00	0.00	0.00	0.00	0.00	0.00	0.00	0.00	1.00	0.17	2.00	0.33	95.00	0.12	0.17	0.28	0.67	0.00	0.04	0.00	0.00	0.12	0.00	0.00	0.00	0.00	0.00	0.01	0.67
257	6	45.33	3.75	0.34	0.46	0.22	0.58	0.17	0.79	1.85	1.93	0.51	0.00	0.44	0.56	0.00	0.00	0.00	2.00	2.00	0.00	0.00	0.40	0.40	0.00	0.00	4.00	2.00	0.50	1.00	0.25	3.00	0.75	1.00	0.25	0.00	0.00	0.00	0.00	0.00	0.00	0.00	0.00	1.00	0.25	0.00	0.00	1.00	0.25	0.00	0.00	0.00	0.00	0.00	0.00	1.00	0.25	1.00	0.25	16.00	0.56	0.06	0.63	0.38	0.00	0.00	0.00	0.00	0.44	0.00	0.13	0.00	0.00	0.00	0.06	0.38
258	6	64.54	2.37	0.28	0.50	0.23	0.48	0.06	0.55	2.97	3.36	0.44	0.00	0.00	0.00	1.00	0.00	0.00	0.00	0.00	1.00	0.00	0.00	0.00	0.14	0.00	1.00	1.00	1.00	0.00	0.00	1.00	1.00	0.00	0.00	0.00	0.00	0.00	0.00	0.00	0.00	0.00	0.00	1.00	1.00	0.00	0.00	0.00	0.00	0.00	0.00	0.00	0.00	0.00	0.00	0.00	0.00	0.00	0.00	27.00	1.00	0.00	1.00	0.00	0.00	0.00	0.00	0.00	1.00	0.00	0.00	0.00	0.00	0.00	0.00	0.00
259	6	76.73	5.10	0.37	0.41	0.20	0.59	0.26	0.85	1.82	2.87	0.64	0.00	0.50	0.20	0.20	0.10	0.00	1.00	2.00	2.00	1.00	0.09	0.18	0.18	0.09	6.00	2.00	0.33	2.00	0.33	4.00	0.67	1.00	0.17	0.00	0.00	0.00	0.00	0.00	0.00	0.00	0.00	2.00	0.33	0.00	0.00	0.00	0.00	0.00	0.00	0.00	0.00	2.00	0.33	0.00	0.00	1.00	0.17	10.00	0.20	0.20	0.40	0.50	0.00	0.00	0.00	0.00	0.20	0.00	0.00	0.00	0.00	0.20	0.00	0.50
260	6	60.99	2.89	0.31	0.47	0.23	0.52	0.14	0.64	2.63	3.06	0.61	0.00	0.09	0.02	0.89	0.00	0.00	2.00	1.00	2.00	0.00	0.20	0.10	0.20	0.00	5.00	2.00	0.40	1.00	0.20	3.00	0.60	2.00	0.40	0.00	0.00	0.00	0.00	0.00	0.00	0.00	0.00	1.00	0.20	0.00	0.00	1.00	0.20	0.00	0.00	0.00	0.00	0.00	0.00	1.00	0.20	2.00	0.40	46.00	0.72	0.07	0.78	0.22	0.00	0.00	0.00	0.00	0.70	0.00	0.02	0.00	0.00	0.00	0.02	0.22
263	6	58.66	4.48	0.45	0.31	0.09	0.59	0.25	0.80	1.99	2.28	0.80	0.00	0.13	0.67	0.20	0.00	0.00	2.00	1.00	2.00	0.00	0.20	0.10	0.20	0.00	5.00	0.00	0.00	2.00	0.40	2.00	0.40	2.00	0.40	0.00	0.00	1.00	0.20	0.00	0.00	0.00	0.00	0.00	0.00	0.00	0.00	0.00	0.00	0.00	0.00	0.00	0.00	1.00	0.20	1.00	0.20	2.00	0.40	69.00	0.00	0.71	0.71	0.28	0.00	0.01	0.00	0.00	0.00	0.00	0.00	0.00	0.00	0.67	0.01	0.28
264	6	42.09	3.88	0.32	0.44	0.28	0.55	0.32	0.77	1.70	2.27	0.68	0.00	0.17	0.12	0.71	0.00	0.00	2.00	2.00	1.00	0.00	0.18	0.18	0.09	0.00	5.00	1.00	0.20	2.00	0.40	3.00	0.60	2.00	0.40	0.00	0.00	0.00	0.00	0.00	0.00	0.00	0.00	0.00	0.00	0.00	0.00	1.00	0.20	0.00	0.00	0.00	0.00	0.00	0.00	1.00	0.20	2.00	0.40	102.00	0.04	0.14	0.18	0.82	0.00	0.00	0.00	0.00	0.00	0.00	0.04	0.00	0.00	0.00	0.01	0.82
265	6	61.64	4.22	0.41	0.36	0.21	0.62	0.32	0.86	1.95	2.57	1.06	0.00	0.28	0.09	0.63	0.00	0.00	1.00	4.00	1.00	0.00	0.08	0.31	0.08	0.00	6.00	2.00	0.33	3.00	0.50	5.00	0.83	1.00	0.17	0.00	0.00	0.00	0.00	0.00	0.00	0.00	0.00	1.00	0.17	0.00	0.00	1.00	0.17	0.00	0.00	0.00	0.00	2.00	0.33	1.00	0.17	1.00	0.17	155.00	0.02	0.35	0.37	0.63	0.00	0.00	0.00	0.00	0.01	0.00	0.01	0.00	0.00	0.07	0.01	0.63
266	6	68.37	4.37	0.48	0.28	0.08	0.62	0.23	0.82	2.18	2.71	1.14	0.00	0.11	0.64	0.21	0.04	0.00	2.00	2.00	2.00	1.00	0.20	0.20	0.20	0.10	7.00	2.00	0.29	3.00	0.43	5.00	0.71	1.00	0.14	0.00	0.00	1.00	0.14	0.00	0.00	0.00	0.00	2.00	0.29	0.00	0.00	0.00	0.00	0.00	0.00	0.00	0.00	1.00	0.14	2.00	0.29	1.00	0.14	28.00	0.07	0.71	0.79	0.14	0.00	0.07	0.00	0.00	0.07	0.00	0.00	0.00	0.00	0.61	0.07	0.14
268	1	125.46	7.13	0.42	0.24	0.25	0.56	0.30	0.81	1.30	1.16	0.59	0.00	0.00	1.00	0.00	0.00	0.00	0.00	3.00	0.00	0.00	0.00	0.30	0.00	0.00	3.00	1.00	0.33	1.00	0.33	2.00	0.67	0.00	0.00	1.00	0.33	0.00	0.00	0.00	0.00	0.00	0.00	1.00	0.33	0.00	0.00	0.00	0.00	0.00	0.00	1.00	0.33	1.00	0.33	0.00	0.00	0.00	0.00	7.00	0.29	0.29	0.57	0.00	0.43	0.00	0.00	0.00	0.29	0.00	0.00	0.00	0.43	0.29	0.00	0.00
269	1	66.89	4.31	0.41	0.36	0.18	0.58	0.17	0.73	2.08	2.29	0.91	0.00	0.00	0.77	0.18	0.05	0.00	0.00	4.00	2.00	1.00	0.00	0.36	0.18	0.09	7.00	2.00	0.29	2.00	0.29	4.00	0.57	0.00	0.00	1.00	0.14	1.00	0.14	0.00	0.00	0.00	0.00	2.00	0.29	0.00	0.00	0.00	0.00	0.00	0.00	1.00	0.14	2.00	0.29	0.00	0.00	0.00	0.00	22.00	0.55	0.27	0.82	0.00	0.05	0.09	0.00	0.00	0.55	0.00	0.00	0.00	0.05	0.27	0.00	0.00
270	1	53.83	3.08	0.33	0.49	0.21	0.53	0.07	0.66	2.59	2.39	0.64	0.00	0.00	0.74	0.26	0.00	0.00	0.00	2.00	2.00	0.00	0.00	0.20	0.20	0.00	4.00	3.00	0.75	1.00	0.25	4.00	1.00	0.00	0.00	0.00	0.00	0.00	0.00	0.00	0.00	0.00	0.00	3.00	0.75	0.00	0.00	0.00	0.00	0.00	0.00	0.00	0.00	1.00	0.25	0.00	0.00	0.00	0.00	114.00	0.99	0.01	1.00	0.00	0.00	0.00	0.00	0.00	0.99	0.00	0.00	0.00	0.00	0.01	0.00	0.00
271	1	97.52	3.63	0.33	0.42	0.27	0.53	0.14	0.66	2.29	3.41	0.81	0.00	0.13	0.18	0.67	0.03	0.00	1.00	2.00	2.00	1.00	0.13	0.25	0.25	0.13	6.00	3.00	0.50	1.00	0.17	4.00	0.67	1.00	0.17	1.00	0.17	0.00	0.00	1.00	0.17	0.00	0.00	2.00	0.33	0.00	0.00	0.00	0.00	1.00	0.17	1.00	0.17	1.00	0.17	0.00	0.00	1.00	0.17	40.00	0.70	0.03	0.73	0.13	0.15	0.00	0.13	0.00	0.68	0.00	0.00	0.03	0.15	0.03	0.00	0.13
274	1	36.85	3.66	0.30	0.55	0.33	0.58	0.27	0.96	1.47	2.89	0.89	0.00	0.98	0.02	0.00	0.00	0.00	1.00	1.00	0.00	0.00	0.08	0.08	0.00	0.00	2.00	0.00	0.00	0.00	0.00	0.00	0.00	1.00	0.50	1.00	0.50	0.00	0.00	1.00	0.50	0.00	0.00	0.00	0.00	0.00	0.00	0.00	0.00	0.00	0.00	1.00	0.50	0.00	0.00	0.00	0.00	1.00	0.50	63.00	0.00	0.00	0.00	0.98	0.02	0.00	0.98	0.00	0.00	0.00	0.00	0.00	0.02	0.00	0.00	0.98
278	1	86.85	5.09	0.45	0.34	0.10	0.59	0.15	0.98	2.22	2.56	1.18	0.00	0.00	0.59	0.40	0.00	0.00	0.00	7.00	3.00	0.00	0.00	0.32	0.14	0.00	12.00	7.00	0.58	4.00	0.33	11.00	0.92	0.00	0.00	1.00	0.08	0.00	0.00	0.00	0.00	0.00	0.00	4.00	0.33	0.00	0.00	2.00	0.17	0.00	0.00	1.00	0.08	4.00	0.33	0.00	0.00	0.00	0.00	208.00	0.29	0.69	0.98	0.00	0.02	0.00	0.00	0.00	0.16	0.00	0.13	0.00	0.02	0.69	0.00	0.00
283	1	60.46	4.66	0.46	0.40	0.21	0.67	0.13	0.84	2.79	2.30	0.85	0.00	0.00	0.49	0.51	0.00	0.00	0.00	7.00	4.00	0.00	0.00	0.50	0.29	0.00	11.00	5.00	0.45	5.00	0.45	10.00	0.91	0.00	0.00	0.00	0.00	1.00	0.09	0.00	0.00	0.00	0.00	4.00	0.36	0.00	0.00	1.00	0.09	0.00	0.00	0.00	0.00	4.00	0.36	0.00	0.00	0.00	0.00	118.00	0.78	0.21	0.99	0.00	0.00	0.01	0.00	0.00	0.70	0.00	0.08	0.00	0.00	0.19	0.00	0.00
284	6	43.45	3.80	0.34	0.48	0.29	0.61	0.23	0.98	1.70	3.18	1.03	0.00	0.92	0.08	0.00	0.00	0.00	2.00	1.00	0.00	0.00	0.15	0.08	0.00	0.00	3.00	0.00	0.00	2.00	0.67	2.00	0.67	1.00	0.33	0.00	0.00	0.00	0.00	1.00	0.33	0.00	0.00	0.00	0.00	0.00	0.00	0.00	0.00	0.00	0.00	0.00	0.00	0.00	0.00	1.00	0.33	1.00	0.33	71.00	0.00	0.20	0.20	0.80	0.00	0.00	0.80	0.00	0.00	0.00	0.00	0.00	0.00	0.00	0.01	0.80
285	7	75.86	5.31	0.45	0.36	0.15	0.65	0.15	0.92	2.45	2.45	0.92	0.00	0.06	0.88	0.00	0.00	0.00	2.00	7.00	0.00	0.00	0.10	0.35	0.00	0.00	10.00	3.00	0.30	5.00	0.50	8.00	0.80	1.00	0.10	1.00	0.10	0.00	0.00	1.00	0.10	0.00	0.00	2.00	0.20	0.00	0.00	1.00	0.10	0.00	0.00	1.00	0.10	3.00	0.30	2.00	0.20	1.00	0.10	82.00	0.44	0.50	0.94	0.04	0.02	0.00	0.04	0.00	0.39	0.00	0.05	0.00	0.02	0.41	0.02	0.04
286	7	52.02	6.13	0.57	0.26	0.05	0.78	0.07	1.39	1.86	1.59	0.78	0.00	0.02	0.25	0.05	0.00	0.00	1.00	6.00	1.00	0.00	0.05	0.32	0.05	0.00	14.00	3.00	0.21	9.00	0.64	12.00	0.86	1.00	0.07	1.00	0.07	0.00	0.00	1.00	0.07	2.00	0.14	3.00	0.21	0.00	0.00	0.00	0.00	0.00	0.00	1.00	0.07	4.00	0.29	2.00	0.14	1.00	0.07	901.00	0.01	0.96	0.97	0.02	0.01	0.00	0.02	0.05	0.01	0.00	0.00	0.00	0.01	0.19	0.00	0.02
287	7	48.65	3.62	0.38	0.45	0.22	0.63	0.07	0.72	2.44	2.22	0.60	0.00	0.09	0.86	0.03	0.02	0.00	2.00	5.00	1.00	1.00	0.11	0.28	0.06	0.06	9.00	3.00	0.33	4.00	0.44	7.00	0.78	1.00	0.11	0.00	0.00	0.00	0.00	0.00	0.00	0.00	0.00	3.00	0.33	0.00	0.00	0.00	0.00	0.00	0.00	0.00	0.00	2.00	0.22	1.00	0.11	1.00	0.11	66.00	0.82	0.14	0.95	0.03	0.00	0.00	0.00	0.00	0.82	0.00	0.00	0.00	0.00	0.06	0.02	0.03
288	7	61.11	3.18	0.31	0.42	0.21	0.52	0.16	0.60	1.98	2.55	0.51	0.00	0.23	0.12	0.54	0.10	0.00	1.00	4.00	3.00	1.00	0.08	0.33	0.25	0.08	9.00	2.00	0.22	3.00	0.33	5.00	0.56	1.00	0.11	1.00	0.11	1.00	0.11	0.00	0.00	1.00	0.11	2.00	0.22	0.00	0.00	0.00	0.00	0.00	0.00	1.00	0.11	1.00	0.11	0.00	0.00	1.00	0.11	30.00	0.47	0.13	0.60	0.23	0.03	0.03	0.00	0.07	0.47	0.00	0.00	0.00	0.03	0.03	0.00	0.23
289	7	39.64	3.67	0.32	0.52	0.31	0.59	0.24	0.98	1.62	3.15	1.00	0.00	0.98	0.02	0.00	0.00	0.00	2.00	1.00	0.00	0.00	0.13	0.06	0.00	0.00	3.00	0.00	0.00	2.00	0.67	2.00	0.67	1.00	0.33	0.00	0.00	0.00	0.00	1.00	0.33	0.00	0.00	0.00	0.00	0.00	0.00	0.00	0.00	0.00	0.00	0.00	0.00	0.00	0.00	1.00	0.33	1.00	0.33	352.00	0.00	0.09	0.09	0.91	0.00	0.00	0.91	0.00	0.00	0.00	0.00	0.00	0.00	0.00	0.00	0.91
290	7	81.28	4.87	0.47	0.30	0.08	0.63	0.15	0.90	2.31	2.76	1.14	0.00	0.07	0.83	0.04	0.00	0.00	1.00	8.00	2.00	0.00	0.06	0.44	0.11	0.00	13.00	4.00	0.31	7.00	0.54	11.00	0.85	0.00	0.00	2.00	0.15	0.00	0.00	0.00	0.00	1.00	0.08	4.00	0.31	0.00	0.00	0.00	0.00	0.00	0.00	2.00	0.15	3.00	0.23	3.00	0.23	0.00	0.00	45.00	0.22	0.73	0.96	0.00	0.04	0.00	0.00	0.02	0.22	0.00	0.00	0.00	0.04	0.58	0.07	0.00
291	7	100.46	3.84	0.51	0.24	0.06	0.69	0.04	0.96	3.14	5.37	1.98	0.00	0.68	0.16	0.13	0.00	0.00	1.00	2.00	1.00	0.00	0.13	0.25	0.13	0.00	5.00	1.00	0.20	4.00	0.80	5.00	1.00	0.00	0.00	0.00	0.00	0.00	0.00	0.00	0.00	1.00	0.20	1.00	0.20	0.00	0.00	0.00	0.00	0.00	0.00	0.00	0.00	1.00	0.20	2.00	0.40	0.00	0.00	32.00	0.13	0.88	1.00	0.00	0.00	0.00	0.00	0.13	0.13	0.00	0.00	0.00	0.00	0.03	0.06	0.00
292	6	83.90	4.20	0.37	0.38	0.14	0.61	0.22	0.88	1.95	4.11	1.15	0.00	0.86	0.14	0.00	0.00	0.00	2.00	1.00	0.00	0.00	0.40	0.20	0.00	0.00	3.00	0.00	0.00	2.00	0.67	2.00	0.67	1.00	0.33	0.00	0.00	0.00	0.00	0.00	0.00	0.00	0.00	0.00	0.00	0.00	0.00	0.00	0.00	0.00	0.00	0.00	0.00	1.00	0.33	1.00	0.33	1.00	0.33	29.00	0.00	0.45	0.45	0.55	0.00	0.00	0.00	0.00	0.00	0.00	0.00	0.00	0.00	0.14	0.03	0.55
293	6	49.44	4.15	0.26	0.50	0.21	0.56	0.35	0.81	1.27	2.32	0.38	0.00	0.93	0.07	0.00	0.00	0.00	1.00	1.00	0.00	0.00	0.25	0.25	0.00	0.00	2.00	0.00	0.00	1.00	0.50	1.00	0.50	1.00	0.50	0.00	0.00	0.00	0.00	0.00	0.00	0.00	0.00	0.00	0.00	0.00	0.00	0.00	0.00	0.00	0.00	0.00	0.00	1.00	0.50	0.00	0.00	1.00	0.50	30.00	0.00	0.07	0.07	0.93	0.00	0.00	0.00	0.00	0.00	0.00	0.00	0.00	0.00	0.07	0.00	0.93
294	7	39.46	4.12	0.25	0.52	0.22	0.56	0.36	0.83	1.25	1.97	0.32	0.00	1.00	0.00	0.00	0.00	0.00	2.00	0.00	0.00	0.00	0.50	0.00	0.00	0.00	2.00	0.00	0.00	1.00	0.50	1.00	0.50	1.00	0.50	0.00	0.00	0.00	0.00	0.00	0.00	0.00	0.00	0.00	0.00	0.00	0.00	0.00	0.00	0.00	0.00	0.00	0.00	0.00	0.00	1.00	0.50	1.00	0.50	69.00	0.00	0.01	0.01	0.99	0.00	0.00	0.00	0.00	0.00	0.00	0.00	0.00	0.00	0.00	0.01	0.99
295	7	120.63	7.01	0.36	0.13	0.28	0.48	0.27	0.56	0.56	0.41	0.23	0.00	0.00	1.00	0.00	0.00	0.00	0.00	2.00	0.00	0.00	0.00	0.40	0.00	0.00	2.00	0.00	0.00	1.00	0.50	1.00	0.50	0.00	0.00	1.00	0.50	0.00	0.00	0.00	0.00	0.00	0.00	0.00	0.00	0.00	0.00	0.00	0.00	0.00	0.00	1.00	0.50	0.00	0.00	0.00	0.00	0.00	0.00	50.00	0.00	0.36	0.36	0.00	0.64	0.00	0.00	0.00	0.00	0.00	0.00	0.00	0.64	0.00	0.00	0.00
296	7	73.24	4.09	0.40	0.38	0.12	0.65	0.19	0.94	2.21	3.94	1.29	0.00	0.96	0.04	0.00	0.00	0.00	2.00	1.00	0.00	0.00	0.33	0.17	0.00	0.00	3.00	1.00	0.33	1.00	0.33	2.00	0.67	1.00	0.33	0.00	0.00	0.00	0.00	0.00	0.00	0.00	0.00	1.00	0.33	0.00	0.00	0.00	0.00	0.00	0.00	0.00	0.00	0.00	0.00	1.00	0.33	1.00	0.33	55.00	0.04	0.45	0.49	0.51	0.00	0.00	0.00	0.00	0.04	0.00	0.00	0.00	0.00	0.00	0.02	0.51
297	7	48.14	3.85	0.26	0.51	0.22	0.55	0.30	0.78	1.58	2.35	0.38	0.00	0.79	0.01	0.20	0.00	0.00	1.00	1.00	1.00	0.00	0.13	0.13	0.13	0.00	3.00	1.00	0.33	1.00	0.33	2.00	0.67	1.00	0.33	0.00	0.00	0.00	0.00	0.00	0.00	0.00	0.00	1.00	0.33	0.00	0.00	0.00	0.00	0.00	0.00	0.00	0.00	0.00	0.00	0.00	0.00	1.00	0.33	81.00	0.20	0.01	0.21	0.79	0.00	0.00	0.00	0.00	0.20	0.00	0.00	0.00	0.00	0.00	0.00	0.79
298	7	69.17	4.16	0.45	0.31	0.19	0.65	0.16	0.97	2.15	3.83	1.34	0.00	0.67	0.27	0.06	0.00	0.00	2.00	2.00	1.00	0.00	0.25	0.25	0.13	0.00	5.00	0.00	0.00	4.00	0.80	4.00	0.80	1.00	0.20	0.00	0.00	0.00	0.00	1.00	0.20	1.00	0.20	0.00	0.00	0.00	0.00	0.00	0.00	0.00	0.00	0.00	0.00	1.00	0.20	1.00	0.20	1.00	0.20	160.00	0.00	0.66	0.66	0.34	0.00	0.00	0.34	0.06	0.00	0.00	0.00	0.00	0.00	0.04	0.01	0.34
299	7	38.22	3.42	0.33	0.48	0.30	0.59	0.24	0.92	1.66	3.04	0.98	0.00	0.84	0.00	0.16	0.00	0.00	2.00	0.00	1.00	0.00	0.13	0.00	0.06	0.00	6.00	0.00	0.00	3.00	0.50	3.00	0.50	1.00	0.17	1.00	0.17	0.00	0.00	1.00	0.17	1.00	0.17	0.00	0.00	0.00	0.00	0.00	0.00	0.00	0.00	1.00	0.17	1.00	0.17	1.00	0.17	1.00	0.17	299.00	0.00	0.20	0.20	0.79	0.00	0.00	0.79	0.16	0.00	0.00	0.00	0.00	0.00	0.00	0.00	0.79
300	6	77.58	3.61	0.39	0.39	0.16	0.58	0.09	0.82	2.43	3.16	0.86	0.00	0.07	0.33	0.38	0.05	0.00	2.00	5.00	2.00	2.00	0.14	0.36	0.14	0.14	13.00	5.00	0.38	4.00	0.31	9.00	0.69	1.00	0.08	1.00	0.08	1.00	0.08	0.00	0.00	0.00	0.00	4.00	0.31	0.00	0.00	0.00	0.00	0.00	0.00	0.00	0.00	2.00	0.15	2.00	0.15	1.00	0.08	68.00	0.56	0.34	0.90	0.03	0.03	0.03	0.00	0.00	0.54	0.00	0.00	0.00	0.00	0.13	0.03	0.03
301	6	38.70	4.12	0.25	0.52	0.22	0.56	0.36	0.83	1.23	1.93	0.29	0.00	1.00	0.00	0.00	0.00	0.00	1.00	0.00	0.00	0.00	0.33	0.00	0.00	0.00	1.00	0.00	0.00	0.00	0.00	0.00	0.00	1.00	1.00	0.00	0.00	0.00	0.00	0.00	0.00	0.00	0.00	0.00	0.00	0.00	0.00	0.00	0.00	0.00	0.00	0.00	0.00	0.00	0.00	0.00	0.00	1.00	1.00	20.00	0.00	0.00	0.00	1.00	0.00	0.00	0.00	0.00	0.00	0.00	0.00	0.00	0.00	0.00	0.00	1.00
302	6	37.62	4.85	0.37	0.44	0.15	0.66	0.24	1.09	1.42	1.63	0.43	0.00	0.67	0.00	0.00	0.00	0.00	1.00	0.00	0.00	0.00	0.09	0.00	0.00	0.00	2.00	0.00	0.00	1.00	0.50	1.00	0.50	1.00	0.50	0.00	0.00	0.00	0.00	0.00	0.00	0.00	0.00	0.00	0.00	0.00	0.00	0.00	0.00	0.00	0.00	0.00	0.00	0.00	0.00	1.00	0.50	1.00	0.50	3.00	0.00	0.33	0.33	0.67	0.00	0.00	0.00	0.00	0.00	0.00	0.00	0.00	0.00	0.00	0.33	0.67
303	6	53.04	3.79	0.43	0.45	0.23	0.66	0.11	0.72	3.01	2.42	0.78	0.05	0.01	0.35	0.59	0.00	1.00	1.00	6.00	1.00	0.00	0.06	0.33	0.06	0.00	9.00	6.00	0.67	2.00	0.22	8.00	0.89	0.00	0.00	0.00	0.00	1.00	0.11	0.00	0.00	0.00	0.00	5.00	0.56	0.00	0.00	1.00	0.11	0.00	0.00	0.00	0.00	1.00	0.11	1.00	0.11	0.00	0.00	133.00	0.96	0.02	0.98	0.00	0.00	0.02	0.00	0.00	0.93	0.00	0.03	0.00	0.00	0.02	0.01	0.00
304	7	54.12	3.64	0.34	0.41	0.19	0.57	0.25	0.79	1.79	2.71	0.77	0.00	0.39	0.48	0.14	0.00	0.00	3.00	5.00	1.00	0.00	0.19	0.31	0.06	0.00	9.00	2.00	0.22	4.00	0.44	6.00	0.67	2.00	0.22	0.00	0.00	1.00	0.11	1.00	0.11	1.00	0.11	2.00	0.22	0.00	0.00	0.00	0.00	0.00	0.00	0.00	0.00	2.00	0.22	1.00	0.11	2.00	0.22	122.00	0.38	0.25	0.63	0.35	0.00	0.02	0.02	0.14	0.38	0.00	0.00	0.00	0.00	0.07	0.01	0.35
305	7	83.89	4.70	0.44	0.35	0.22	0.60	0.15	0.80	2.68	3.25	0.82	0.00	0.14	0.85	0.01	0.00	0.00	1.00	5.00	1.00	0.00	0.11	0.56	0.11	0.00	7.00	2.00	0.29	4.00	0.57	6.00	0.86	0.00	0.00	1.00	0.14	0.00	0.00	0.00	0.00	1.00	0.14	2.00	0.29	0.00	0.00	0.00	0.00	0.00	0.00	1.00	0.14	2.00	0.29	1.00	0.14	0.00	0.00	116.00	0.59	0.36	0.96	0.00	0.04	0.00	0.00	0.01	0.59	0.00	0.00	0.00	0.04	0.22	0.01	0.00
306	6	35.91	4.10	0.25	0.52	0.23	0.57	0.33	0.81	1.24	1.74	0.30	0.00	0.84	0.00	0.16	0.00	0.00	1.00	0.00	1.00	0.00	0.17	0.00	0.17	0.00	3.00	0.00	0.00	0.00	0.00	0.00	0.00	2.00	0.67	0.00	0.00	0.00	0.00	0.00	0.00	0.00	0.00	0.00	0.00	0.00	0.00	0.00	0.00	0.00	0.00	0.00	0.00	0.00	0.00	0.00	0.00	1.00	0.33	223.00	0.00	0.00	0.00	1.00	0.00	0.00	0.00	0.00	0.00	0.00	0.00	0.00	0.00	0.00	0.00	0.84
307	6	109.56	5.09	0.28	0.31	0.24	0.43	0.17	0.49	1.41	1.55	0.39	0.00	0.00	1.00	0.00	0.00	0.00	0.00	4.00	0.00	0.00	0.00	0.57	0.00	0.00	4.00	2.00	0.50	0.00	0.00	2.00	0.50	0.00	0.00	1.00	0.25	1.00	0.25	0.00	0.00	0.00	0.00	1.00	0.25	0.00	0.00	1.00	0.25	0.00	0.00	1.00	0.25	0.00	0.00	0.00	0.00	0.00	0.00	69.00	0.51	0.00	0.51	0.00	0.48	0.01	0.00	0.00	0.45	0.00	0.06	0.00	0.48	0.00	0.00	0.00
308	7	59.88	2.65	0.32	0.48	0.24	0.52	0.05	0.59	2.75	3.02	0.50	0.00	0.00	0.73	0.27	0.00	0.00	0.00	2.00	1.00	0.00	0.00	0.67	0.33	0.00	3.00	3.00	1.00	0.00	0.00	3.00	1.00	0.00	0.00	0.00	0.00	0.00	0.00	0.00	0.00	0.00	0.00	3.00	1.00	0.00	0.00	0.00	0.00	0.00	0.00	0.00	0.00	0.00	0.00	0.00	0.00	0.00	0.00	267.00	1.00	0.00	1.00	0.00	0.00	0.00	0.00	0.00	1.00	0.00	0.00	0.00	0.00	0.00	0.00	0.00
